Time[Minute] 1,GSR (ID=1) [µS],ECG (ID=1) [Arb],Manual Values,
0,5.087,2285,,
00:00.05 ,5.087,2136,,
00:00.1 ,5.087,3170,,
00:00.15 ,5.087,2193,,
00:00.2 ,5.105,2334,,
00:00.25 ,5.105,2225,,
00:00.3 ,5.105,2410,,
00:00.35 ,5.105,2572,,
00:00.4 ,5.127,2148,,
00:00.45 ,5.127,2102,,
00:00.5 ,5.127,2145,,
00:00.55 ,5.127,2246,,
00:00.6 ,5.127,2181,,
00:00.65 ,5.129,2201,,
00:00.7 ,5.129,2228,,
00:00.75 ,5.129,2293,,
00:00.8 ,5.129,2289,,
00:00.85 ,5.129,2210,,
00:00.9 ,5.124,2209,,
00:00.95 ,5.124,2173,,
00:01 .0,5.124,2169,,
00:01.05 ,5.124,2234,,
00:01.1 ,5.124,2332,,
00:01.15 ,5.107,2560,,
00:01.2 ,5.107,2507,,
00:01.25 ,5.107,2149,,
00:01.3 ,5.107,2063,,
00:01.35 ,5.107,2286,,
00:01.4 ,5.095,2196,,
00:01.45 ,5.095,2162,,
00:01.5 ,5.095,2139,,
00:01.55 ,5.095,2140,,
00:01.6 ,5.095,2348,,
00:01.65 ,5.085,2183,,
00:01.7 ,5.085,2165,,
00:01.75 ,5.085,1984,,
00:01.8 ,5.085,2106,,
00:01.85 ,5.085,2188,,
00:01.9 ,5.058,2268,,
00:01.95 ,5.058,2471,,
00:02 .0,5.058,2210,,
00:02.05 ,5.058,2048,,
00:02.1 ,5.058,1931,,
00:02.15 ,5.032,2095,,
00:02.2 ,5.032,2135,,
00:02.25 ,5.032,1969,,
00:02.3 ,5.032,1856,,
00:02.35 ,5.032,1913,,
00:02.4 ,5.011,2068,,
00:02.45 ,5.011,2095,,
00:02.5 ,5.011,2909,,
00:02.55 ,5.011,2221,,
00:02.6 ,5.011,2237,,
00:02.65 ,4.996,2365,,
00:02.7 ,4.996,2498,,
00:02.75 ,4.996,2540,,
00:02.8 ,4.996,2261,,
00:02.85 ,4.996,2135,,
00:02.9 ,5.013,1955,,
00:02.95 ,5.013,2291,,
00:03 .0,5.013,2133,,
00:03.05 ,5.013,2101,,
00:03.1 ,5.013,2435,,
00:03.15 ,5.051,2191,,
00:03.2 ,5.051,2244,,
00:03.25 ,5.051,2536,,
00:03.3 ,5.051,2067,,
00:03.35 ,5.051,2453,,
00:03.4 ,5.075,2532,,
00:03.45 ,5.075,2547,,
00:03.5 ,5.075,2632,,
00:03.55 ,5.075,2086,,
00:03.6 ,5.1,1948,,
00:03.65 ,5.1,1913,,
00:03.7 ,5.1,1809,,
00:03.75 ,5.1,1513,,
00:03.8 ,5.1,1741,,
00:03.85 ,5.09,2165,,
00:03.9 ,5.09,2493,,
00:03.95 ,5.09,3001,,
00:04 .0,5.09,2724,,
00:04.05 ,5.09,2407,,
00:04.1 ,5.061,2139,,
00:04.15 ,5.061,1901,,
00:04.2 ,5.061,1777,,
00:04.25 ,5.061,1744,,
00:04.3 ,5.061,1879,,
00:04.35 ,5.049,1099,,
00:04.4 ,5.049,822,,
00:04.45 ,5.049,927,,
00:04.5 ,5.049,1595,,
00:04.55 ,5.049,1581,,
00:04.6 ,5.022,1857,,
00:04.65 ,5.022,2072,,
00:04.7 ,5.022,1672,,
00:04.75 ,5.022,2266,,
00:04.8 ,5.022,2281,,
00:04.85 ,5.042,2959,,
00:04.9 ,5.042,2219,,
00:04.95 ,5.042,1556,,
00:05 .0,5.042,2548,,
00:05.05 ,5.042,2891,,
00:05.1 ,5.08,2834,,
00:05.15 ,5.08,3178,,
00:05.2 ,5.08,2962,,
00:05.25 ,5.08,3147,,
00:05.3 ,5.08,2511,,
00:05.35 ,5.122,2983,,
00:05.4 ,5.122,3401,,
00:05.45 ,5.122,3028,,
00:05.5 ,5.122,3903,,
00:05.55 ,5.122,3648,,
00:05.6 ,5.177,3894,,
00:05.65 ,5.177,3958,,
00:05.7 ,5.177,3961,,
00:05.75 ,5.177,3965,,
00:05.8 ,5.177,3978,,
00:05.85 ,5.192,3985,,
00:05.9 ,5.192,3970,,
00:05.95 ,5.192,3957,,
00:06 .0,5.192,3900,,
00:06.05 ,5.187,3387,,
00:06.1 ,5.187,3201,,
00:06.15 ,5.187,2890,,
00:06.2 ,5.187,2603,,
00:06.25 ,5.187,2453,,
00:06.3 ,5.179,2099,,
00:06.35 ,5.179,2040,,
00:06.4 ,5.179,2757,,
00:06.45 ,5.179,1970,,
00:06.5 ,5.179,2128,,
00:06.55 ,5.182,2137,,
00:06.6 ,5.182,2178,,
00:06.65 ,5.182,2396,,
00:06.7 ,5.182,1757,,
00:06.75 ,5.182,1719,,
00:06.8 ,5.192,1717,,
00:06.85 ,5.192,1952,,
00:06.9 ,5.192,1929,,
00:06.95 ,5.192,1938,,
00:07 .0,5.192,1869,,
00:07.05 ,5.184,1810,,
00:07.1 ,5.184,1806,,
00:07.15 ,5.184,1807,,
00:07.2 ,5.184,1884,,
00:07.25 ,5.184,1606,,
00:07.3 ,5.149,1809,,
00:07.35 ,5.149,1766,,
00:07.4 ,5.149,1977,,
00:07.45 ,5.149,2194,,
00:07.5 ,5.149,2042,,
00:07.55 ,5.102,1869,,
00:07.6 ,5.102,1783,,
00:07.65 ,5.102,1791,,
00:07.7 ,5.102,1874,,
00:07.75 ,5.102,1797,,
00:07.8 ,5.068,1905,,
00:07.85 ,5.068,1899,,
00:07.9 ,5.068,1837,,
00:07.95 ,5.068,2059,,
00:08 .0,5.068,1775,,
00:08.05 ,5.056,1891,,
00:08.1 ,5.056,1631,,
00:08.15 ,5.056,1840,,
00:08.2 ,5.056,1862,,
00:08.25 ,5.056,1797,,
00:08.3 ,5.073,2039,,
00:08.35 ,5.073,2013,,
00:08.4 ,5.073,1769,,
00:08.45 ,5.073,1812,,
00:08.5 ,5.073,1627,,
00:08.55 ,5.09,1754,,
00:08.6 ,5.09,1820,,
00:08.65 ,5.09,1853,,
00:08.7 ,5.09,1681,,
00:08.75 ,5.102,1639,,
00:08.8 ,5.102,1577,,
00:08.85 ,5.102,1690,,
00:08.9 ,5.102,1623,,
00:08.95 ,5.102,2187,,
00:09 .0,5.109,1457,,
00:09.05 ,5.109,1708,,
00:09.1 ,5.109,1759,,
00:09.15 ,5.109,1922,,
00:09.2 ,5.109,2110,,
00:09.25 ,5.112,1720,,
00:09.3 ,5.112,1505,,
00:09.35 ,5.112,1520,,
00:09.4 ,5.112,1564,,
00:09.45 ,5.112,1882,,
00:09.5 ,5.107,1736,,
00:09.55 ,5.107,1660,,
00:09.6 ,5.107,1800,,
00:09.65 ,5.107,1821,,
00:09.7 ,5.107,1892,,
00:09.75 ,5.097,1884,,
00:09.8 ,5.097,1825,,
00:09.85 ,5.097,1995,,
00:09.9 ,5.097,2188,,
00:09.95 ,5.097,1978,,
00:10.0,5.09,1952,,
00:10.05,5.09,2911,,
00:10.1,5.09,1755,,
00:10.15,5.09,477,,
00:10.2,5.09,106,,
00:10.25,5.09,180,,
00:10.3,5.09,689,,
00:10.35,5.09,994,,
00:10.4,5.09,1736,,
00:10.45,5.09,3118,,
00:10.5,5.117,3978,,
00:10.55,5.117,3980,,
00:10.6,5.117,3925,,
00:10.65,5.117,3916,,
00:10.7,5.117,3232,,
00:10.75,5.119,2898,,
00:10.8,5.119,3154,,
00:10.85,5.119,2524,,
00:10.9,5.119,2606,,
00:10.95,5.119,2595,,
00:11.0,5.112,3112,,
00:11.05,5.112,3660,,
00:11.1,5.112,3902,,
00:11.15,5.112,3887,,
00:11.2,5.112,3652,,
00:11.25,5.063,2883,,
00:11.3,5.063,2357,,
00:11.35,5.063,2016,,
00:11.4,5.063,2068,,
00:11.45,5.018,1922,,
00:11.5,5.018,2138,,
00:11.55,5.018,2112,,
00:11.6,5.018,1945,,
00:11.65,5.018,2380,,
00:11.7,5.056,2102,,
00:11.75,5.056,2013,,
00:11.8,5.056,2033,,
00:11.85,5.056,2104,,
00:11.9,5.056,2344,,
00:11.95,5.246,2310,,
00:12.0,5.246,1917,,
00:12.05,5.246,1814,,
00:12.1,5.246,1925,,
00:12.15,5.246,1861,,
00:12.2,5.381,1954,,
00:12.25,5.381,2280,,
00:12.3,5.381,3094,,
00:12.35,5.381,3399,,
00:12.4,5.381,2759,,
00:12.45,5.449,2187,,
00:12.5,5.449,2854,,
00:12.55,5.449,1983,,
00:12.6,5.449,1625,,
00:12.65,5.449,1346,,
00:12.7,5.457,1387,,
00:12.75,5.457,1594,,
00:12.8,5.457,1503,,
00:12.85,5.457,992,,
00:12.9,5.457,1080,,
00:12.95,5.343,1743,,
00:13.0,5.343,1834,,
00:13.05,5.343,2469,,
00:13.1,5.343,2559,,
00:13.15,5.343,2394,,
00:13.2,5.34,2480,,
00:13.25,5.34,2243,,
00:13.3,5.34,2780,,
00:13.35,5.34,3108,,
00:13.4,5.34,3198,,
00:13.45,5.386,3458,,
00:13.5,5.386,2510,,
00:13.55,5.386,2029,,
00:13.6,5.386,1322,,
00:13.65,5.386,2146,,
00:13.7,5.446,1632,,
00:13.75,5.446,1848,,
00:13.8,5.446,1652,,
00:13.85,5.446,2085,,
00:13.9,5.446,2119,,
00:13.95,5.508,1989,,
00:14.0,5.508,1820,,
00:14.05,5.508,1822,,
00:14.1,5.508,1641,,
00:14.15,5.466,1416,,
00:14.2,5.466,1757,,
00:14.25,5.466,2107,,
00:14.3,5.466,2540,,
00:14.35,5.466,2498,,
00:14.4,5.348,2309,,
00:14.45,5.348,2121,,
00:14.5,5.348,1993,,
00:14.55,5.348,2279,,
00:14.6,5.348,1947,,
00:14.65,5.258,2367,,
00:14.7,5.258,3021,,
00:14.75,5.258,1812,,
00:14.8,5.258,2154,,
00:14.85,5.258,1677,,
00:14.9,5.207,1977,,
00:14.95,5.207,1902,,
00:15.0,5.207,1097,,
00:15.05,5.207,911,,
00:15.1,5.207,55,,
00:15.15,5.228,45,,
00:15.2,5.228,50,,
00:15.25,5.228,53,,
00:15.3,5.228,114,,
00:15.35,5.228,179,,
00:15.4,5.274,257,,
00:15.45,5.274,235,,
00:15.5,5.274,30,,
00:15.55,5.274,43,,
00:15.6,5.274,88,,
00:15.65,5.24,576,,
00:15.7,5.24,987,,
00:15.75,5.24,1868,,
00:15.8,5.24,1992,,
00:15.85,5.24,1822,,
00:15.9,5.142,1935,,
00:15.95,5.142,3508,,
00:16.0,5.142,3798,,
00:16.05,5.142,3713,,
00:16.1,5.142,3742,,
00:16.15,5.063,3823,,
00:16.2,5.063,3634,,
00:16.25,5.063,3730,,
00:16.3,5.063,3970,,
00:16.35,5.063,3240,,
00:16.4,5.085,2121,,
00:16.45,5.085,1906,,
00:16.5,5.085,830,,
00:16.55,5.085,347,,
00:16.6,5.085,321,,
00:16.65,5.174,1291,,
00:16.7,5.174,1427,,
00:16.75,5.174,1201,,
00:16.8,5.174,1278,,
00:16.85,5.174,1535,,
00:16.9,5.271,1533,,
00:16.95,5.271,1368,,
00:17.0,5.271,831,,
00:17.05,5.271,28,,
00:17.1,5.23,6,,
00:17.15,5.23,819,,
00:17.2,5.23,3939,,
00:17.25,5.23,3971,,
00:17.3,5.23,3963,,
00:17.35,5.134,3937,,
00:17.4,5.134,3923,,
00:17.45,5.134,3958,,
00:17.5,5.134,3925,,
00:17.55,5.134,3377,,
00:17.6,5.032,2093,,
00:17.65,5.032,1451,,
00:17.7,5.032,667,,
00:17.75,5.032,731,,
00:17.8,5.032,872,,
00:17.85,4.947,538,,
00:17.9,4.947,285,,
00:17.95,4.947,701,,
00:18.0,4.947,1184,,
00:18.05,4.947,1119,,
00:18.1,4.987,892,,
00:18.15,4.987,724,,
00:18.2,4.987,1536,,
00:18.25,4.987,1313,,
00:18.3,4.987,1813,,
00:18.35,5.018,1557,,
00:18.4,5.018,1483,,
00:18.45,5.018,1456,,
00:18.5,5.018,1535,,
00:18.55,5.018,1727,,
00:18.6,5.015,2912,,
00:18.65,5.015,3785,,
00:18.7,5.015,3515,,
00:18.75,5.015,3892,,
00:18.8,5.015,3808,,
00:18.85,4.968,3354,,
00:18.9,4.968,3463,,
00:18.95,4.968,2665,,
00:19.0,4.968,2481,,
00:19.05,4.968,2464,,
00:19.1,4.91,2449,,
00:19.15,4.91,2136,,
00:19.2,4.91,2105,,
00:19.25,4.91,2098,,
00:19.3,4.91,2238,,
00:19.35,4.892,2068,,
00:19.4,4.892,2145,,
00:19.45,4.892,2563,,
00:19.5,4.892,1804,,
00:19.55,4.906,2203,,
00:19.6,4.906,2106,,
00:19.65,4.906,2054,,
00:19.7,4.906,2116,,
00:19.75,4.906,1767,,
00:19.8,4.984,1249,,
00:19.85,4.984,1127,,
00:19.9,4.984,838,,
00:19.95,4.984,992,,
00:20.0,4.984,570,,
00:20.05,5.073,419,,
00:20.1,5.073,637,,
00:20.15,5.073,641,,
00:20.2,5.073,665,,
00:20.25,5.073,188,,
00:20.3,5.127,169,,
00:20.35,5.127,368,,
00:20.4,5.127,3706,,
00:20.45,5.127,3811,,
00:20.5,5.127,3871,,
00:20.55,5.154,3872,,
00:20.6,5.154,3208,,
00:20.65,5.154,2664,,
00:20.7,5.154,2718,,
00:20.75,5.154,2681,,
00:20.8,5.152,2447,,
00:20.85,5.152,2662,,
00:20.9,5.152,3173,,
00:20.95,5.152,3321,,
00:21.0,5.152,3602,,
00:21.05,5.154,3389,,
00:21.1,5.154,3096,,
00:21.15,5.154,2835,,
00:21.2,5.154,2995,,
00:21.25,5.154,2804,,
00:21.3,5.144,2219,,
00:21.35,5.144,2135,,
00:21.4,5.144,1950,,
00:21.45,5.144,1798,,
00:21.5,5.144,1715,,
00:21.55,5.127,2072,,
00:21.6,5.127,2235,,
00:21.65,5.127,2165,,
00:21.7,5.127,1901,,
00:21.75,5.127,1961,,
00:21.8,5.109,1964,,
00:21.85,5.109,1632,,
00:21.9,5.109,1754,,
00:21.95,5.109,1754,,
00:22.0,5.109,1888,,
00:22.05,5.1,1933,,
00:22.1,5.1,2139,,
00:22.15,5.1,1900,,
00:22.2,5.1,1848,,
00:22.25,5.1,1991,,
00:22.3,5.107,1837,,
00:22.35,5.107,1946,,
00:22.4,5.107,2108,,
00:22.45,5.107,1997,,
00:22.5,5.154,2167,,
00:22.55,5.154,2150,,
00:22.6,5.154,2016,,
00:22.65,5.154,2181,,
00:22.7,5.154,1827,,
00:22.75,5.187,2238,,
00:22.8,5.187,2032,,
00:22.85,5.187,1928,,
00:22.9,5.187,2070,,
00:22.95,5.187,2169,,
00:23.0,5.192,2086,,
00:23.05,5.192,1761,,
00:23.1,5.192,1865,,
00:23.15,5.192,1989,,
00:23.2,5.192,1947,,
00:23.25,5.225,1984,,
00:23.3,5.225,1956,,
00:23.35,5.225,2111,,
00:23.4,5.225,1983,,
00:23.45,5.225,2158,,
00:23.5,5.233,1901,,
00:23.55,5.233,1973,,
00:23.6,5.233,2398,,
00:23.65,5.233,2023,,
00:23.7,5.233,2326,,
00:23.75,5.266,2092,,
00:23.8,5.266,2104,,
00:23.85,5.266,2413,,
00:23.9,5.266,2028,,
00:23.95,5.266,1740,,
00:24.0,5.394,1783,,
00:24.05,5.394,1887,,
00:24.1,5.394,1572,,
00:24.15,5.394,1900,,
00:24.2,5.394,2032,,
00:24.25,5.647,2247,,
00:24.3,5.647,2227,,
00:24.35,5.647,2163,,
00:24.4,5.647,2858,,
00:24.45,5.647,1941,,
00:24.5,5.719,2072,,
00:24.55,5.719,2036,,
00:24.6,5.719,2196,,
00:24.65,5.719,2372,,
00:24.7,5.719,1911,,
00:24.75,5.71,1733,,
00:24.8,5.71,1980,,
00:24.85,5.71,1921,,
00:24.9,5.71,1771,,
00:24.95,5.594,1828,,
00:25.0,5.594,1721,,
00:25.05,5.594,1859,,
00:25.1,5.594,1553,,
00:25.15,5.594,1802,,
00:25.2,5.405,1819,,
00:25.25,5.405,1886,,
00:25.3,5.405,2110,,
00:25.35,5.405,1542,,
00:25.4,5.405,1750,,
00:25.45,5.383,1337,,
00:25.5,5.383,1369,,
00:25.55,5.383,1315,,
00:25.6,5.383,2028,,
00:25.65,5.383,1764,,
00:25.7,5.433,2029,,
00:25.75,5.433,1357,,
00:25.8,5.433,436,,
00:25.85,5.433,50,,
00:25.9,5.433,41,,
00:25.95,5.516,280,,
00:26.0,5.516,254,,
00:26.05,5.516,286,,
00:26.1,5.516,1701,,
00:26.15,5.516,3996,,
00:26.2,5.519,3985,,
00:26.25,5.519,3986,,
00:26.3,5.519,3980,,
00:26.35,5.519,3967,,
00:26.4,5.519,3933,,
00:26.45,5.525,3851,,
00:26.5,5.525,3961,,
00:26.55,5.525,3849,,
00:26.6,5.525,3728,,
00:26.65,5.525,2317,,
00:26.7,5.531,53,,
00:26.75,5.531,273,,
00:26.8,5.531,56,,
00:26.85,5.531,655,,
00:26.9,5.531,136,,
00:26.95,5.554,27,,
00:27.0,5.554,25,,
00:27.05,5.554,29,,
00:27.1,5.554,5,,
00:27.15,5.554,34,,
00:27.2,5.505,39,,
00:27.25,5.505,133,,
00:27.3,5.505,641,,
00:27.35,5.505,1377,,
00:27.4,5.505,1911,,
00:27.45,5.43,2292,,
00:27.5,5.43,2404,,
00:27.55,5.43,2463,,
00:27.6,5.43,3028,,
00:27.65,5.43,3201,,
00:27.7,5.421,3721,,
00:27.75,5.421,3933,,
00:27.8,5.421,3974,,
00:27.85,5.421,3998,,
00:27.9,5.362,3986,,
00:27.95,5.362,3978,,
00:28.0,5.362,3974,,
00:28.05,5.362,3978,,
00:28.1,5.362,3773,,
00:28.15,5.351,2781,,
00:28.2,5.351,2802,,
00:28.25,5.351,2502,,
00:28.3,5.351,3687,,
00:28.35,5.351,2914,,
00:28.4,5.356,2351,,
00:28.45,5.356,3424,,
00:28.5,5.356,3969,,
00:28.55,5.356,3975,,
00:28.6,5.356,3870,,
00:28.65,5.269,3961,,
00:28.7,5.269,3971,,
00:28.75,5.269,3940,,
00:28.8,5.269,3899,,
00:28.85,5.269,3515,,
00:28.9,5.21,2887,,
00:28.95,5.21,1845,,
00:29.0,5.21,1229,,
00:29.05,5.21,279,,
00:29.1,5.21,23,,
00:29.15,5.215,184,,
00:29.2,5.215,40,,
00:29.25,5.215,30,,
00:29.3,5.215,33,,
00:29.35,5.215,37,,
00:29.4,5.264,44,,
00:29.45,5.264,40,,
00:29.5,5.264,61,,
00:29.55,5.264,429,,
00:29.6,5.264,568,,
00:29.65,5.348,796,,
00:29.7,5.348,1028,,
00:29.75,5.348,1173,,
00:29.8,5.348,1543,,
00:29.85,5.348,1595,,
00:29.9,5.427,1656,,
00:29.95,5.427,1455,,
00:30.0,5.427,1673,,
00:30.05,5.427,2016,,
00:30.1,5.427,2154,,
00:30.15,5.471,2295,,
00:30.2,5.471,2267,,
00:30.25,5.471,2140,,
00:30.3,5.471,2350,,
00:30.35,5.488,2076,,
00:30.4,5.488,2164,,
00:30.45,5.488,2198,,
00:30.5,5.488,2628,,
00:30.55,5.488,3294,,
00:30.6,5.438,3921,,
00:30.65,5.438,3987,,
00:30.7,5.438,3981,,
00:30.75,5.438,3970,,
00:30.8,5.438,3966,,
00:30.85,5.416,3815,,
00:30.9,5.416,3824,,
00:30.95,5.416,3689,,
00:31.0,5.416,2927,,
00:31.05,5.416,2850,,
00:31.1,5.332,2533,,
00:31.15,5.332,2681,,
00:31.2,5.332,1860,,
00:31.25,5.332,1783,,
00:31.3,5.332,2299,,
00:31.35,5.246,2459,,
00:31.4,5.246,2437,,
00:31.45,5.246,2082,,
00:31.5,5.246,2023,,
00:31.55,5.246,2301,,
00:31.6,5.253,1902,,
00:31.65,5.253,1920,,
00:31.7,5.253,2070,,
00:31.75,5.253,2231,,
00:31.8,5.253,2243,,
00:31.85,5.24,2166,,
00:31.9,5.24,2071,,
00:31.95,5.24,1917,,
00:32.0,5.24,1911,,
00:32.05,5.24,1926,,
00:32.1,5.303,1790,,
00:32.15,5.303,1775,,
00:32.2,5.303,2109,,
00:32.25,5.303,2467,,
00:32.3,5.303,2002,,
00:32.35,5.362,2386,,
00:32.4,5.362,2147,,
00:32.45,5.362,1921,,
00:32.5,5.362,2201,,
00:32.55,5.362,2100,,
00:32.6,5.381,2397,,
00:32.65,5.381,2239,,
00:32.7,5.381,2177,,
00:32.75,5.381,2055,,
00:32.8,5.381,1763,,
00:32.85,5.394,1789,,
00:32.9,5.394,2210,,
00:32.95,5.394,1999,,
00:33.0,5.394,1881,,
00:33.05,5.394,1849,,
00:33.1,5.41,2020,,
00:33.15,5.41,2069,,
00:33.2,5.41,2018,,
00:33.25,5.41,2007,,
00:33.3,5.441,2099,,
00:33.35,5.441,1995,,
00:33.4,5.441,2148,,
00:33.45,5.441,2380,,
00:33.5,5.441,1677,,
00:33.55,5.449,1671,,
00:33.6,5.449,1743,,
00:33.65,5.449,2099,,
00:33.7,5.449,2084,,
00:33.75,5.449,1769,,
00:33.8,5.433,2008,,
00:33.85,5.433,1722,,
00:33.9,5.433,1852,,
00:33.95,5.433,1794,,
00:34.0,5.433,1763,,
00:34.05,5.413,2504,,
00:34.1,5.413,1693,,
00:34.15,5.413,1812,,
00:34.2,5.413,1918,,
00:34.25,5.413,2045,,
00:34.3,5.419,2331,,
00:34.35,5.419,2109,,
00:34.4,5.419,2089,,
00:34.45,5.419,2299,,
00:34.5,5.419,2351,,
00:34.55,5.531,2073,,
00:34.6,5.531,2088,,
00:34.65,5.531,2039,,
00:34.7,5.531,1594,,
00:34.75,5.531,1080,,
00:34.8,5.615,2492,,
00:34.85,5.615,2215,,
00:34.9,5.615,1556,,
00:34.95,5.615,1508,,
00:35.0,5.615,2045,,
00:35.05,5.719,1739,,
00:35.1,5.719,1698,,
00:35.15,5.719,2280,,
00:35.2,5.719,1251,,
00:35.25,5.719,2258,,
00:35.3,5.891,3857,,
00:35.35,5.891,3652,,
00:35.4,5.891,3533,,
00:35.45,5.891,2918,,
00:35.5,5.891,2242,,
00:35.55,5.947,1354,,
00:35.6,5.947,1298,,
00:35.65,5.947,1302,,
00:35.7,5.947,747,,
00:35.75,5.947,1329,,
00:35.8,6.057,1178,,
00:35.85,6.057,1112,,
00:35.9,6.057,1768,,
00:35.95,6.057,2009,,
00:36.0,6.132,1565,,
00:36.05,6.132,1464,,
00:36.1,6.132,1854,,
00:36.15,6.132,2534,,
00:36.2,6.132,2572,,
00:36.25,6.111,2837,,
00:36.3,6.111,2100,,
00:36.35,6.111,1528,,
00:36.4,6.111,2438,,
00:36.45,6.111,2335,,
00:36.5,6.07,2202,,
00:36.55,6.07,2304,,
00:36.6,6.07,2275,,
00:36.65,6.07,2241,,
00:36.7,6.07,2446,,
00:36.75,6.013,1977,,
00:36.8,6.013,1917,,
00:36.85,6.013,2107,,
00:36.9,6.013,1974,,
00:36.95,6.013,2195,,
00:37.0,5.95,2186,,
00:37.05,5.95,1748,,
00:37.1,5.95,1137,,
00:37.15,5.95,1316,,
00:37.2,5.95,1920,,
00:37.25,5.872,2426,,
00:37.3,5.872,2606,,
00:37.35,5.872,2547,,
00:37.4,5.872,1268,,
00:37.45,5.872,3976,,
00:37.5,5.825,3990,,
00:37.55,5.825,3662,,
00:37.6,5.825,318,,
00:37.65,5.825,39,,
00:37.7,5.825,25,,
00:37.75,5.787,23,,
00:37.8,5.787,25,,
00:37.85,5.787,27,,
00:37.9,5.787,30,,
00:37.95,5.787,26,,
00:38.0,5.75,26,,
00:38.05,5.75,23,,
00:38.1,5.75,18,,
00:38.15,5.75,39,,
00:38.2,5.75,291,,
00:38.25,5.713,1122,,
00:38.3,5.713,1007,,
00:38.35,5.713,891,,
00:38.4,5.713,648,,
00:38.45,5.713,430,,
00:38.5,5.574,981,,
00:38.55,5.574,678,,
00:38.6,5.574,1040,,
00:38.65,5.574,793,,
00:38.7,5.571,711,,
00:38.75,5.571,1873,,
00:38.8,5.571,1346,,
00:38.85,5.571,1638,,
00:38.9,5.571,1593,,
00:38.95,5.571,1491,,
00:39.0,5.571,1390,,
00:39.05,5.571,469,,
00:39.1,5.571,83,,
00:39.15,5.571,50,,
00:39.2,5.551,40,,
00:39.25,5.551,28,,
00:39.3,5.551,25,,
00:39.35,5.551,26,,
00:39.4,5.551,36,,
00:39.45,5.612,213,,
00:39.5,5.612,1373,,
00:39.55,5.612,1400,,
00:39.6,5.612,1396,,
00:39.65,5.612,2075,,
00:39.7,5.562,2537,,
00:39.75,5.562,2767,,
00:39.8,5.562,2905,,
00:39.85,5.562,2867,,
00:39.9,5.562,2574,,
00:39.95,5.545,2140,,
00:40.0,5.545,2265,,
00:40.05,5.545,2217,,
00:40.1,5.545,2229,,
00:40.15,5.545,2581,,
00:40.2,5.571,2361,,
00:40.25,5.571,2524,,
00:40.3,5.571,2691,,
00:40.35,5.571,2363,,
00:40.4,5.571,2393,,
00:40.45,5.612,2118,,
00:40.5,5.612,2095,,
00:40.55,5.612,2039,,
00:40.6,5.612,1951,,
00:40.65,5.612,1755,,
00:40.7,5.659,2152,,
00:40.75,5.659,1775,,
00:40.8,5.659,1572,,
00:40.85,5.659,1572,,
00:40.9,5.659,989,,
00:40.95,5.677,1418,,
00:41.0,5.677,1215,,
00:41.05,5.677,1323,,
00:41.1,5.677,1535,,
00:41.15,5.677,2744,,
00:41.2,5.741,3778,,
00:41.25,5.741,3999,,
00:41.3,5.741,4014,,
00:41.35,5.741,4010,,
00:41.4,5.772,4009,,
00:41.45,5.772,4007,,
00:41.5,5.772,4012,,
00:41.55,5.772,4011,,
00:41.6,5.772,4008,,
00:41.65,5.79,4009,,
00:41.7,5.79,4007,,
00:41.75,5.79,4008,,
00:41.8,5.79,4006,,
00:41.85,5.79,4007,,
00:41.9,5.818,4009,,
00:41.95,5.818,4007,,
00:42.0,5.818,4010,,
00:42.05,5.818,4006,,
00:42.1,5.818,4000,,
00:42.15,5.765,3990,,
00:42.2,5.765,3955,,
00:42.25,5.765,3956,,
00:42.3,5.765,3216,,
00:42.35,5.765,2637,,
00:42.4,5.772,2144,,
00:42.45,5.772,1276,,
00:42.5,5.772,1873,,
00:42.55,5.772,1916,,
00:42.6,5.772,2406,,
00:42.65,5.775,2010,,
00:42.7,5.775,1733,,
00:42.75,5.775,1553,,
00:42.8,5.775,2245,,
00:42.85,5.775,1337,,
00:42.9,5.765,1156,,
00:42.95,5.765,1711,,
00:43.0,5.765,2045,,
00:43.05,5.765,2487,,
00:43.1,5.765,2162,,
00:43.15,5.769,2305,,
00:43.2,5.769,1911,,
00:43.25,5.769,1731,,
00:43.3,5.769,1904,,
00:43.35,5.769,1757,,
00:43.4,5.729,1878,,
00:43.45,5.729,1943,,
00:43.5,5.729,1786,,
00:43.55,5.729,1704,,
00:43.6,5.729,2622,,
00:43.65,5.671,1457,,
00:43.7,5.671,1710,,
00:43.75,5.671,2149,,
00:43.8,5.671,2112,,
00:43.85,5.671,2093,,
00:43.9,5.638,2033,,
00:43.95,5.638,1909,,
00:44.0,5.638,2171,,
00:44.05,5.638,2368,,
00:44.1,5.683,1991,,
00:44.15,5.683,2479,,
00:44.2,5.683,2460,,
00:44.25,5.683,2574,,
00:44.3,5.683,2648,,
00:44.35,5.8,3219,,
00:44.4,5.8,2895,,
00:44.45,5.8,2588,,
00:44.5,5.8,2331,,
00:44.55,5.8,2155,,
00:44.6,5.914,2691,,
00:44.65,5.914,1328,,
00:44.7,5.914,1585,,
00:44.75,5.914,1567,,
00:44.8,5.914,1490,,
00:44.85,5.911,1364,,
00:44.9,5.911,1531,,
00:44.95,5.911,1044,,
00:45.0,5.911,1219,,
00:45.05,5.911,1203,,
00:45.1,5.85,2677,,
00:45.15,5.85,2469,,
00:45.2,5.85,2750,,
00:45.25,5.85,3092,,
00:45.3,5.85,3052,,
00:45.35,5.756,3337,,
00:45.4,5.756,2747,,
00:45.45,5.756,2355,,
00:45.5,5.756,2534,,
00:45.55,5.756,2455,,
00:45.6,5.806,2200,,
00:45.65,5.806,2699,,
00:45.7,5.806,2643,,
00:45.75,5.806,2763,,
00:45.8,5.806,2730,,
00:45.85,6.036,2543,,
00:45.9,6.036,2721,,
00:45.95,6.036,2533,,
00:46.0,6.036,2547,,
00:46.05,6.036,2069,,
00:46.1,6.303,2706,,
00:46.15,6.303,2512,,
00:46.2,6.303,2627,,
00:46.25,6.303,1846,,
00:46.3,6.303,2143,,
00:46.35,6.582,2265,,
00:46.4,6.582,2196,,
00:46.45,6.582,2245,,
00:46.5,6.582,2057,,
00:46.55,6.582,2311,,
00:46.6,6.666,2187,,
00:46.65,6.666,2164,,
00:46.7,6.666,2560,,
00:46.75,6.666,2512,,
00:46.8,6.666,2231,,
00:46.85,6.601,2395,,
00:46.9,6.601,2709,,
00:46.95,6.601,2399,,
00:47.0,6.601,2706,,
00:47.05,6.519,3511,,
00:47.1,6.519,3996,,
00:47.15,6.519,3932,,
00:47.2,6.519,3466,,
00:47.25,6.519,3076,,
00:47.3,6.422,2620,,
00:47.35,6.422,2212,,
00:47.4,6.422,1760,,
00:47.45,6.422,1619,,
00:47.5,6.422,1232,,
00:47.55,6.404,1083,,
00:47.6,6.404,1289,,
00:47.65,6.404,1479,,
00:47.7,6.404,1641,,
00:47.75,6.404,1395,,
00:47.8,6.422,1190,,
00:47.85,6.422,1251,,
00:47.9,6.422,1282,,
00:47.95,6.422,1420,,
00:48.0,6.422,1222,,
00:48.05,6.426,1275,,
00:48.1,6.426,1786,,
00:48.15,6.426,1514,,
00:48.2,6.426,991,,
00:48.25,6.426,2228,,
00:48.3,6.381,1559,,
00:48.35,6.381,2466,,
00:48.4,6.381,1559,,
00:48.45,6.381,2356,,
00:48.5,6.381,2033,,
00:48.55,6.285,2468,,
00:48.6,6.285,1791,,
00:48.65,6.285,2140,,
00:48.7,6.285,2145,,
00:48.75,6.285,1894,,
00:48.8,6.278,2313,,
00:48.85,6.278,2182,,
00:48.9,6.278,2031,,
00:48.95,6.278,2340,,
00:49.0,6.278,1839,,
00:49.05,6.351,2091,,
00:49.1,6.351,1710,,
00:49.15,6.351,2169,,
00:49.2,6.351,1976,,
00:49.25,6.351,2305,,
00:49.3,6.538,2338,,
00:49.35,6.538,2238,,
00:49.4,6.538,1881,,
00:49.45,6.538,1841,,
00:49.5,6.828,1964,,
00:49.55,6.828,2025,,
00:49.6,6.828,1968,,
00:49.65,6.828,1891,,
00:49.7,6.828,1965,,
00:49.75,6.876,2064,,
00:49.8,6.876,1824,,
00:49.85,6.876,2698,,
00:49.9,6.876,1896,,
00:49.95,6.876,1931,,
00:50.0,6.695,2069,,
00:50.05,6.695,2278,,
00:50.1,6.695,2266,,
00:50.15,6.695,1819,,
00:50.2,6.695,1726,,
00:50.25,6.449,1707,,
00:50.3,6.449,1655,,
00:50.35,6.449,1838,,
00:50.4,6.449,1790,,
00:50.45,6.449,1734,,
00:50.5,6.16,1676,,
00:50.55,6.16,1694,,
00:50.6,6.16,1512,,
00:50.65,6.16,1412,,
00:50.7,6.16,1434,,
00:50.75,6,1677,,
00:50.8,6,1691,,
00:50.85,6,1922,,
00:50.9,6,1434,,
00:50.95,6,1312,,
00:51.0,5.94,1466,,
00:51.05,5.94,1509,,
00:51.1,5.94,1609,,
00:51.15,5.94,1466,,
00:51.2,5.94,1722,,
00:51.25,5.885,1581,,
00:51.3,5.885,1527,,
00:51.35,5.885,1565,,
00:51.4,5.885,2028,,
00:51.45,5.885,951,,
00:51.5,5.809,149,,
00:51.55,5.809,55,,
00:51.6,5.809,46,,
00:51.65,5.809,39,,
00:51.7,5.809,34,,
00:51.75,5.866,31,,
00:51.8,5.866,3918,,
00:51.85,5.866,3974,,
00:51.9,5.866,3987,,
00:51.95,5.866,3982,,
00:52.0,5.957,3956,,
00:52.05,5.957,3882,,
00:52.1,5.957,3665,,
00:52.15,5.957,3409,,
00:52.2,5.957,3850,,
00:52.25,6.013,3068,,
00:52.3,6.013,3066,,
00:52.35,6.013,2352,,
00:52.4,6.013,2084,,
00:52.45,6.064,1270,,
00:52.5,6.064,242,,
00:52.55,6.064,27,,
00:52.6,6.064,29,,
00:52.65,6.064,22,,
00:52.7,6.064,25,,
00:52.75,6.064,24,,
00:52.8,6.064,44,,
00:52.85,6.064,354,,
00:52.9,6.064,1023,,
00:52.95,5.963,1719,,
00:53.0,5.963,1970,,
00:53.05,5.963,2051,,
00:53.1,5.963,1805,,
00:53.15,5.963,2140,,
00:53.2,5.784,2212,,
00:53.25,5.784,2167,,
00:53.3,5.784,1870,,
00:53.35,5.784,2124,,
00:53.4,5.784,2058,,
00:53.45,5.668,2038,,
00:53.5,5.668,1952,,
00:53.55,5.668,2125,,
00:53.6,5.668,2057,,
00:53.65,5.668,1959,,
00:53.7,5.574,1970,,
00:53.75,5.574,1486,,
00:53.8,5.574,2225,,
00:53.85,5.574,2032,,
00:53.9,5.574,1603,,
00:53.95,5.659,1189,,
00:54.0,5.659,165,,
00:54.05,5.659,29,,
00:54.1,5.659,9,,
00:54.15,5.659,17,,
00:54.2,5.934,19,,
00:54.25,5.934,17,,
00:54.3,5.934,23,,
00:54.35,5.934,20,,
00:54.4,5.934,25,,
00:54.45,5.993,27,,
00:54.5,5.993,34,,
00:54.55,5.993,38,,
00:54.6,5.993,109,,
00:54.65,5.993,277,,
00:54.7,6.03,1087,,
00:54.75,6.03,1768,,
00:54.8,6.03,1642,,
00:54.85,6.03,1827,,
00:54.9,5.844,2211,,
00:54.95,5.844,1987,,
00:55.0,5.844,1938,,
00:55.05,5.844,2196,,
00:55.1,5.844,2161,,
00:55.15,5.508,2514,,
00:55.2,5.508,2440,,
00:55.25,5.508,3101,,
00:55.3,5.508,3361,,
00:55.35,5.508,2847,,
00:55.4,5.427,2302,,
00:55.45,5.427,1841,,
00:55.5,5.427,1862,,
00:55.55,5.427,2693,,
00:55.6,5.427,2185,,
00:55.65,5.327,1991,,
00:55.7,5.327,1897,,
00:55.75,5.327,1456,,
00:55.8,5.327,1599,,
00:55.85,5.327,1157,,
00:55.9,5.228,1367,,
00:55.95,5.228,1800,,
00:56.0,5.228,1860,,
00:56.05,5.228,2564,,
00:56.1,5.228,1939,,
00:56.15,5.316,1829,,
00:56.2,5.316,2232,,
00:56.25,5.316,2305,,
00:56.3,5.316,2069,,
00:56.35,5.316,1668,,
00:56.4,5.397,1502,,
00:56.45,5.397,1894,,
00:56.5,5.397,1808,,
00:56.55,5.397,1989,,
00:56.6,5.397,2025,,
00:56.65,5.449,1365,,
00:56.7,5.449,1589,,
00:56.75,5.449,2002,,
00:56.8,5.449,3349,,
00:56.85,5.449,2559,,
00:56.9,5.65,2425,,
00:56.95,5.65,2448,,
00:57.0,5.65,2939,,
00:57.05,5.65,2779,,
00:57.1,5.65,2508,,
00:57.15,5.84,1281,,
00:57.2,5.84,1050,,
00:57.25,5.84,1121,,
00:57.3,5.84,1138,,
00:57.35,5.84,781,,
00:57.4,5.812,1847,,
00:57.45,5.812,1137,,
00:57.5,5.812,665,,
00:57.55,5.812,633,,
00:57.6,5.812,1059,,
00:57.65,5.689,3735,,
00:57.7,5.689,3990,,
00:57.75,5.689,3999,,
00:57.8,5.689,3994,,
00:57.85,5.568,3987,,
00:57.9,5.568,3945,,
00:57.95,5.568,3919,,
00:58.0,5.568,3502,,
00:58.05,5.568,3178,,
00:58.1,5.372,3105,,
00:58.15,5.372,1688,,
00:58.2,5.372,527,,
00:58.25,5.372,142,,
00:58.3,5.372,36,,
00:58.35,5.359,40,,
00:58.4,5.359,47,,
00:58.45,5.359,67,,
00:58.5,5.359,783,,
00:58.55,5.359,1070,,
00:58.6,5.427,1412,,
00:58.65,5.427,1533,,
00:58.7,5.427,1743,,
00:58.75,5.427,1882,,
00:58.8,5.427,2004,,
00:58.85,5.48,1918,,
00:58.9,5.48,1834,,
00:58.95,5.48,1816,,
00:59.0,5.48,1672,,
00:59.05,5.48,1981,,
00:59.1,5.557,1927,,
00:59.15,5.557,2164,,
00:59.2,5.557,2356,,
00:59.25,5.557,1999,,
00:59.3,5.557,1993,,
00:59.35,5.638,1919,,
00:59.4,5.638,2041,,
00:59.45,5.638,2118,,
00:59.5,5.638,1980,,
00:59.55,5.638,2040,,
00:59.6,5.747,2014,,
00:59.65,5.747,2091,,
00:59.7,5.747,1986,,
00:59.75,5.747,1982,,
00:59.8,5.747,2149,,
00:59.85,5.683,2040,,
00:59.9,5.683,2188,,
00:59.95,5.683,2654,,
01:00.0,5.683,2373,,
01:00.05 ,5.683,2121,,
01:00.1 ,5.653,2137,,
01:00.15 ,5.653,2075,,
01:00.2 ,5.653,2210,,
01:00.25 ,5.653,2174,,
01:00.3 ,5.653,2192,,
01:00.35 ,5.627,2213,,
01:00.4 ,5.627,2420,,
01:00.45 ,5.627,1949,,
01:00.5 ,5.627,2629,,
01:00.55 ,5.557,2387,,
01:00.6 ,5.557,2961,,
01:00.65 ,5.557,2813,,
01:00.7 ,5.557,3889,,
01:00.75 ,5.557,3992,,
01:00.8 ,5.588,3997,,
01:00.85 ,5.588,3984,,
01:00.9 ,5.588,3982,,
01:00.95 ,5.588,3830,,
01:01 .0,5.588,3942,,
01:01.05 ,5.528,3388,,
01:01.1 ,5.528,3312,,
01:01.15 ,5.528,2995,,
01:01.2 ,5.528,2219,,
01:01.25 ,5.528,1983,,
01:01.3 ,5.435,2653,,
01:01.35 ,5.435,2340,,
01:01.4 ,5.435,2226,,
01:01.45 ,5.435,1362,,
01:01.5 ,5.435,2266,,
01:01.55 ,5.346,2553,,
01:01.6 ,5.346,3213,,
01:01.65 ,5.346,2800,,
01:01.7 ,5.346,2777,,
01:01.75 ,5.346,3201,,
01:01.8 ,5.33,2790,,
01:01.85 ,5.33,2248,,
01:01.9 ,5.33,2686,,
01:01.95 ,5.33,2478,,
01:02 .0,5.33,2521,,
01:02.05 ,5.424,2330,,
01:02.1 ,5.424,2273,,
01:02.15 ,5.424,2383,,
01:02.2 ,5.424,2368,,
01:02.25 ,5.424,2286,,
01:02.3 ,5.554,2416,,
01:02.35 ,5.554,2557,,
01:02.4 ,5.554,2293,,
01:02.45 ,5.554,1976,,
01:02.5 ,5.554,2020,,
01:02.55 ,5.732,2063,,
01:02.6 ,5.732,2019,,
01:02.65 ,5.732,2066,,
01:02.7 ,5.732,1946,,
01:02.75 ,5.732,2117,,
01:02.8 ,5.825,2043,,
01:02.85 ,5.825,1982,,
01:02.9 ,5.825,1737,,
01:02.95 ,5.825,1869,,
01:03 .0,5.825,1778,,
01:03.05 ,5.904,1810,,
01:03.1 ,5.904,2337,,
01:03.15 ,5.904,1883,,
01:03.2 ,5.904,2290,,
01:03.25 ,5.953,2238,,
01:03.3 ,5.953,1972,,
01:03.35 ,5.953,2019,,
01:03.4 ,5.953,2088,,
01:03.45 ,5.953,1931,,
01:03.5 ,5.914,1715,,
01:03.55 ,5.914,1768,,
01:03.6 ,5.914,1839,,
01:03.65 ,5.914,2050,,
01:03.7 ,5.914,2009,,
01:03.75 ,5.957,1824,,
01:03.8 ,5.957,1938,,
01:03.85 ,5.957,1901,,
01:03.9 ,5.957,2050,,
01:03.95 ,5.957,2059,,
01:04 .0,5.973,2286,,
01:04.05 ,5.973,2185,,
01:04.1 ,5.973,2029,,
01:04.15 ,5.973,1949,,
01:04.2 ,5.973,2009,,
01:04.25 ,6.026,2085,,
01:04.3 ,6.026,2203,,
01:04.35 ,6.026,2115,,
01:04.4 ,6.026,2558,,
01:04.45 ,6.026,2369,,
01:04.5 ,5.983,2063,,
01:04.55 ,5.983,1938,,
01:04.6 ,5.983,1967,,
01:04.65 ,5.983,1835,,
01:04.7 ,5.983,1931,,
01:04.75 ,5.859,1876,,
01:04.8 ,5.859,2008,,
01:04.85 ,5.859,2519,,
01:04.9 ,5.859,2140,,
01:04.95 ,5.859,1984,,
01:05 .0,5.698,2154,,
01:05.05 ,5.698,2126,,
01:05.1 ,5.698,2100,,
01:05.15 ,5.698,2153,,
01:05.2 ,5.698,2487,,
01:05.25 ,5.537,2434,,
01:05.3 ,5.537,2156,,
01:05.35 ,5.537,2465,,
01:05.4 ,5.537,2117,,
01:05.45 ,5.537,2878,,
01:05.5 ,5.583,2006,,
01:05.55 ,5.583,2191,,
01:05.6 ,5.583,2208,,
01:05.65 ,5.583,2291,,
01:05.7 ,5.583,2606,,
01:05.75 ,5.665,2154,,
01:05.8 ,5.665,2049,,
01:05.85 ,5.665,1860,,
01:05.9 ,5.665,2164,,
01:05.95 ,5.756,2168,,
01:06 .0,5.756,2492,,
01:06.05 ,5.756,2522,,
01:06.1 ,5.756,2764,,
01:06.15 ,5.756,2129,,
01:06.2 ,5.815,2056,,
01:06.25 ,5.815,2779,,
01:06.3 ,5.815,2043,,
01:06.35 ,5.815,2454,,
01:06.4 ,5.815,2566,,
01:06.45 ,5.815,2504,,
01:06.5 ,5.815,2554,,
01:06.55 ,5.815,2175,,
01:06.6 ,5.815,2095,,
01:06.65 ,5.815,2107,,
01:06.7 ,5.812,2116,,
01:06.75 ,5.812,2270,,
01:06.8 ,5.812,2218,,
01:06.85 ,5.812,2163,,
01:06.9 ,5.812,2332,,
01:06.95 ,5.806,2412,,
01:07 .0,5.806,2282,,
01:07.05 ,5.806,2386,,
01:07.1 ,5.806,2247,,
01:07.15 ,5.806,2116,,
01:07.2 ,5.806,2266,,
01:07.25 ,5.806,2190,,
01:07.3 ,5.806,2500,,
01:07.35 ,5.806,2361,,
01:07.4 ,5.806,2133,,
01:07.45 ,5.809,2089,,
01:07.5 ,5.809,2261,,
01:07.55 ,5.809,2205,,
01:07.6 ,5.809,2362,,
01:07.65 ,5.809,2029,,
01:07.7 ,5.806,2157,,
01:07.75 ,5.806,2225,,
01:07.8 ,5.806,2122,,
01:07.85 ,5.806,2147,,
01:07.9 ,5.806,2142,,
01:07.95 ,5.859,2215,,
01:08 .0,5.859,2126,,
01:08.05 ,5.859,2176,,
01:08.1 ,5.859,2414,,
01:08.15 ,5.859,2337,,
01:08.2 ,5.879,2580,,
01:08.25 ,5.879,2095,,
01:08.3 ,5.879,2091,,
01:08.35 ,5.879,2011,,
01:08.4 ,5.879,2344,,
01:08.45 ,5.93,2183,,
01:08.5 ,5.93,2215,,
01:08.55 ,5.93,2164,,
01:08.6 ,5.93,2253,,
01:08.65 ,5.95,2101,,
01:08.7 ,5.95,2175,,
01:08.75 ,5.95,1879,,
01:08.8 ,5.95,2068,,
01:08.85 ,5.95,2208,,
01:08.9 ,5.904,2317,,
01:08.95 ,5.904,2350,,
01:09 .0,5.904,2141,,
01:09.05 ,5.904,1982,,
01:09.1 ,5.904,2067,,
01:09.15 ,5.863,2176,,
01:09.2 ,5.863,2130,,
01:09.25 ,5.863,2118,,
01:09.3 ,5.863,1944,,
01:09.35 ,5.863,2258,,
01:09.4 ,5.796,2118,,
01:09.45 ,5.796,2181,,
01:09.5 ,5.796,2072,,
01:09.55 ,5.796,2017,,
01:09.6 ,5.796,1829,,
01:09.65 ,5.756,2062,,
01:09.7 ,5.756,1990,,
01:09.75 ,5.756,2310,,
01:09.8 ,5.756,2333,,
01:09.85 ,5.756,2102,,
01:09.9 ,5.741,1790,,
01:09.95 ,5.741,2030,,
01:10.0,5.741,2048,,
01:10.05,5.741,2027,,
01:10.1,5.741,2387,,
01:10.15,5.796,2084,,
01:10.2,5.796,2131,,
01:10.25,5.796,2232,,
01:10.3,5.796,2216,,
01:10.35,5.796,2161,,
01:10.4,5.75,2179,,
01:10.45,5.75,2901,,
01:10.5,5.75,2227,,
01:10.55,5.75,2066,,
01:10.6,5.75,2249,,
01:10.65,5.716,2393,,
01:10.7,5.716,2587,,
01:10.75,5.716,2220,,
01:10.8,5.716,2092,,
01:10.85,5.716,2231,,
01:10.9,5.704,2108,,
01:10.95,5.704,2200,,
01:11.0,5.704,2112,,
01:11.05,5.704,2224,,
01:11.1,5.704,2103,,
01:11.15,5.647,2182,,
01:11.2,5.647,2119,,
01:11.25,5.647,2084,,
01:11.3,5.647,2396,,
01:11.35,5.647,2019,,
01:11.4,5.585,2137,,
01:11.45,5.585,2085,,
01:11.5,5.585,2283,,
01:11.55,5.585,2414,,
01:11.6,5.424,2158,,
01:11.65,5.424,2016,,
01:11.7,5.424,1990,,
01:11.75,5.424,2054,,
01:11.8,5.424,2168,,
01:11.85,5.335,2003,,
01:11.9,5.335,2135,,
01:11.95,5.335,2143,,
01:12.0,5.335,1954,,
01:12.05,5.335,2020,,
01:12.1,5.29,2836,,
01:12.15,5.29,1964,,
01:12.2,5.29,2035,,
01:12.25,5.29,2140,,
01:12.3,5.29,2258,,
01:12.35,5.351,2198,,
01:12.4,5.351,2080,,
01:12.45,5.351,1894,,
01:12.5,5.351,2004,,
01:12.55,5.351,1819,,
01:12.6,5.502,2101,,
01:12.65,5.502,1987,,
01:12.7,5.502,2023,,
01:12.75,5.502,2003,,
01:12.8,5.502,1853,,
01:12.85,5.562,1984,,
01:12.9,5.562,1862,,
01:12.95,5.562,1944,,
01:13.0,5.562,1882,,
01:13.05,5.562,1933,,
01:13.1,5.562,1897,,
01:13.15,5.562,2019,,
01:13.2,5.562,2230,,
01:13.25,5.562,2185,,
01:13.3,5.562,1912,,
01:13.35,5.539,1840,,
01:13.4,5.539,1987,,
01:13.45,5.539,1903,,
01:13.5,5.539,1977,,
01:13.55,5.539,1960,,
01:13.6,5.519,1933,,
01:13.65,5.519,1875,,
01:13.7,5.519,1931,,
01:13.75,5.519,1996,,
01:13.8,5.519,1907,,
01:13.85,5.516,2103,,
01:13.9,5.516,2061,,
01:13.95,5.516,2006,,
01:14.0,5.516,2145,,
01:14.05,5.525,2074,,
01:14.1,5.525,2191,,
01:14.15,5.525,2207,,
01:14.2,5.525,1909,,
01:14.25,5.525,2093,,
01:14.3,5.511,1970,,
01:14.35,5.511,1997,,
01:14.4,5.511,1944,,
01:14.45,5.511,2090,,
01:14.5,5.511,2109,,
01:14.55,5.421,2151,,
01:14.6,5.421,2096,,
01:14.65,5.421,2047,,
01:14.7,5.421,2174,,
01:14.75,5.421,1740,,
01:14.8,5.408,2086,,
01:14.85,5.408,2091,,
01:14.9,5.408,2221,,
01:14.95,5.408,2333,,
01:15.0,5.408,2296,,
01:15.05,5.457,1912,,
01:15.1,5.457,2001,,
01:15.15,5.457,1964,,
01:15.2,5.457,2129,,
01:15.25,5.457,1979,,
01:15.3,5.486,2020,,
01:15.35,5.486,2128,,
01:15.4,5.486,2017,,
01:15.45,5.486,1938,,
01:15.5,5.486,2078,,
01:15.55,5.519,1819,,
01:15.6,5.519,1983,,
01:15.65,5.519,1957,,
01:15.7,5.519,2142,,
01:15.75,5.519,2443,,
01:15.8,5.514,2190,,
01:15.85,5.514,1922,,
01:15.9,5.514,2021,,
01:15.95,5.514,2097,,
01:16.0,5.514,1893,,
01:16.05,5.469,2165,,
01:16.1,5.469,2006,,
01:16.15,5.469,2093,,
01:16.2,5.469,1977,,
01:16.25,5.469,1962,,
01:16.3,5.449,2158,,
01:16.35,5.449,2062,,
01:16.4,5.449,1987,,
01:16.45,5.449,1997,,
01:16.5,5.449,1927,,
01:16.55,5.477,2063,,
01:16.6,5.477,2322,,
01:16.65,5.477,2055,,
01:16.7,5.477,1883,,
01:16.75,5.477,1927,,
01:16.8,5.466,1948,,
01:16.85,5.466,1798,,
01:16.9,5.466,1964,,
01:16.95,5.466,1972,,
01:17.0,5.502,1967,,
01:17.05,5.502,1991,,
01:17.1,5.502,1920,,
01:17.15,5.502,1961,,
01:17.2,5.502,1924,,
01:17.25,5.494,1943,,
01:17.3,5.494,1834,,
01:17.35,5.494,1755,,
01:17.4,5.494,1886,,
01:17.45,5.494,2007,,
01:17.5,5.488,2239,,
01:17.55,5.488,2100,,
01:17.6,5.488,1987,,
01:17.65,5.488,1987,,
01:17.7,5.488,1935,,
01:17.75,5.502,2053,,
01:17.8,5.502,2059,,
01:17.85,5.502,2237,,
01:17.9,5.502,2092,,
01:17.95,5.502,2133,,
01:18.0,5.381,2366,,
01:18.05,5.381,2331,,
01:18.1,5.381,2223,,
01:18.15,5.381,2872,,
01:18.2,5.381,2088,,
01:18.25,5.319,2130,,
01:18.3,5.319,2156,,
01:18.35,5.319,2131,,
01:18.4,5.319,2519,,
01:18.45,5.319,2066,,
01:18.5,5.319,1979,,
01:18.55,5.319,1907,,
01:18.6,5.319,2070,,
01:18.65,5.319,2075,,
01:18.7,5.319,2307,,
01:18.75,5.298,2184,,
01:18.8,5.298,2017,,
01:18.85,5.298,2036,,
01:18.9,5.298,1831,,
01:18.95,5.298,1866,,
01:19.0,5.364,1980,,
01:19.05,5.364,1968,,
01:19.1,5.364,2310,,
01:19.15,5.364,2242,,
01:19.2,5.364,2412,,
01:19.25,5.435,2125,,
01:19.3,5.435,2004,,
01:19.35,5.435,2058,,
01:19.4,5.435,2282,,
01:19.45,5.469,2832,,
01:19.5,5.469,2303,,
01:19.55,5.469,1883,,
01:19.6,5.469,1897,,
01:19.65,5.469,1814,,
01:19.7,5.522,2249,,
01:19.75,5.522,2156,,
01:19.8,5.522,2233,,
01:19.85,5.522,2310,,
01:19.9,5.522,2274,,
01:19.95,5.609,1973,,
01:20.0,5.609,1334,,
01:20.05,5.609,1496,,
01:20.1,5.609,1969,,
01:20.15,5.609,1029,,
01:20.2,5.759,1372,,
01:20.25,5.759,1655,,
01:20.3,5.759,1696,,
01:20.35,5.759,1715,,
01:20.4,5.759,1780,,
01:20.45,5.996,2027,,
01:20.5,5.996,2054,,
01:20.55,5.996,2131,,
01:20.6,5.996,2348,,
01:20.65,5.996,2309,,
01:20.7,6.104,2135,,
01:20.75,6.104,2019,,
01:20.8,6.104,2187,,
01:20.85,6.104,2105,,
01:20.9,6.104,2004,,
01:20.95,6.077,2381,,
01:21.0,6.077,2518,,
01:21.05,6.077,2169,,
01:21.1,6.077,2108,,
01:21.15,6.077,2116,,
01:21.2,5.993,2001,,
01:21.25,5.993,2270,,
01:21.3,5.993,2060,,
01:21.35,5.993,2020,,
01:21.4,5.993,2125,,
01:21.45,5.837,2075,,
01:21.5,5.837,2108,,
01:21.55,5.837,2678,,
01:21.6,5.837,2016,,
01:21.65,5.837,2218,,
01:21.7,5.735,2105,,
01:21.75,5.735,2300,,
01:21.8,5.735,2233,,
01:21.85,5.735,2131,,
01:21.9,5.735,1849,,
01:21.95,5.698,2034,,
01:22.0,5.698,1961,,
01:22.05,5.698,2182,,
01:22.1,5.698,1724,,
01:22.15,5.698,1888,,
01:22.2,5.674,1835,,
01:22.25,5.674,2573,,
01:22.3,5.674,1792,,
01:22.35,5.674,1969,,
01:22.4,5.612,1696,,
01:22.45,5.612,1745,,
01:22.5,5.612,2137,,
01:22.55,5.612,2882,,
01:22.6,5.612,2439,,
01:22.65,5.577,2609,,
01:22.7,5.577,1573,,
01:22.75,5.577,106,,
01:22.8,5.577,40,,
01:22.85,5.577,41,,
01:22.9,5.548,44,,
01:22.95,5.548,65,,
01:23.0,5.548,52,,
01:23.05,5.548,45,,
01:23.1,5.548,30,,
01:23.15,5.441,317,,
01:23.2,5.441,3973,,
01:23.25,5.441,3959,,
01:23.3,5.441,3973,,
01:23.35,5.441,3934,,
01:23.4,5.375,3752,,
01:23.45,5.375,2956,,
01:23.5,5.375,2445,,
01:23.55,5.375,2013,,
01:23.6,5.375,1460,,
01:23.65,5.346,862,,
01:23.7,5.346,461,,
01:23.75,5.346,281,,
01:23.8,5.346,225,,
01:23.85,5.346,193,,
01:23.9,5.319,576,,
01:23.95,5.319,1148,,
01:24.0,5.319,1093,,
01:24.05,5.319,2367,,
01:24.1,5.319,1516,,
01:24.15,5.356,2722,,
01:24.2,5.356,2712,,
01:24.25,5.356,2404,,
01:24.3,5.356,2836,,
01:24.35,5.356,2281,,
01:24.4,5.405,2479,,
01:24.45,5.405,2214,,
01:24.5,5.405,2221,,
01:24.55,5.405,2386,,
01:24.6,5.405,1450,,
01:24.65,5.43,1668,,
01:24.7,5.43,1562,,
01:24.75,5.43,1516,,
01:24.8,5.43,1885,,
01:24.85,5.43,1604,,
01:24.9,5.469,1841,,
01:24.95,5.469,1969,,
01:25.0,5.469,2290,,
01:25.05,5.469,2355,,
01:25.1,5.419,2118,,
01:25.15,5.419,1844,,
01:25.2,5.419,2319,,
01:25.25,5.419,2649,,
01:25.3,5.419,2917,,
01:25.35,5.383,2527,,
01:25.4,5.383,845,,
01:25.45,5.383,921,,
01:25.5,5.383,1068,,
01:25.55,5.383,590,,
01:25.6,5.391,1189,,
01:25.65,5.391,687,,
01:25.7,5.391,3178,,
01:25.75,5.391,3948,,
01:25.8,5.391,3927,,
01:25.85,5.405,3924,,
01:25.9,5.405,3737,,
01:25.95,5.405,3945,,
01:26.0,5.405,3983,,
01:26.05,5.405,3985,,
01:26.1,5.531,4001,,
01:26.15,5.531,3948,,
01:26.2,5.531,3966,,
01:26.25,5.531,3009,,
01:26.3,5.531,1789,,
01:26.35,5.665,49,,
01:26.4,5.665,35,,
01:26.45,5.665,34,,
01:26.5,5.665,29,,
01:26.55,5.665,3,,
01:26.6,5.879,32,,
01:26.65,5.879,40,,
01:26.7,5.879,32,,
01:26.75,5.879,51,,
01:26.8,5.879,53,,
01:26.85,6.087,63,,
01:26.9,6.087,232,,
01:26.95,6.087,1227,,
01:27.0,6.087,721,,
01:27.05,6.087,1059,,
01:27.1,6.07,2044,,
01:27.15,6.07,1273,,
01:27.2,6.07,1796,,
01:27.25,6.07,1813,,
01:27.3,6.07,2611,,
01:27.35,5.966,2524,,
01:27.4,5.966,2037,,
01:27.45,5.966,2167,,
01:27.5,5.966,2477,,
01:27.55,5.966,2761,,
01:27.6,5.818,2788,,
01:27.65,5.818,2909,,
01:27.7,5.818,2579,,
01:27.75,5.818,2963,,
01:27.8,5.71,2634,,
01:27.85,5.71,3035,,
01:27.9,5.71,3128,,
01:27.95,5.71,2847,,
01:28.0,5.71,2910,,
01:28.05,5.775,2905,,
01:28.1,5.775,2582,,
01:28.15,5.775,2788,,
01:28.2,5.775,2375,,
01:28.25,5.775,2429,,
01:28.3,5.901,2673,,
01:28.35,5.901,3129,,
01:28.4,5.901,3111,,
01:28.45,5.901,3818,,
01:28.5,5.901,3966,,
01:28.55,5.953,3945,,
01:28.6,5.953,3938,,
01:28.65,5.953,3770,,
01:28.7,5.953,3103,,
01:28.75,5.953,3397,,
01:28.8,5.976,2497,,
01:28.85,5.976,2446,,
01:28.9,5.976,2267,,
01:28.95,5.976,2397,,
01:29.0,5.976,2294,,
01:29.05,6,1920,,
01:29.1,6,1964,,
01:29.15,6,1678,,
01:29.2,6,1969,,
01:29.25,6,1844,,
01:29.3,5.996,1896,,
01:29.35,5.996,1854,,
01:29.4,5.996,1952,,
01:29.45,5.996,1822,,
01:29.5,5.996,1957,,
01:29.55,5.996,1641,,
01:29.6,5.996,1965,,
01:29.65,5.996,1918,,
01:29.7,5.996,1962,,
01:29.75,5.996,2124,,
01:29.8,5.99,2176,,
01:29.85,5.99,1855,,
01:29.9,5.99,1864,,
01:29.95,5.99,1942,,
01:30.0,5.99,1845,,
01:30.05,5.986,2177,,
01:30.1,5.986,1899,,
01:30.15,5.986,2075,,
01:30.2,5.986,1996,,
01:30.25,5.986,2308,,
01:30.3,5.996,2044,,
01:30.35,5.996,1955,,
01:30.4,5.996,2217,,
01:30.45,5.996,2507,,
01:30.5,6.003,2768,,
01:30.55,6.003,2915,,
01:30.6,6.003,2932,,
01:30.65,6.003,2155,,
01:30.7,6.003,2099,,
01:30.75,6.013,2200,,
01:30.8,6.013,2063,,
01:30.85,6.013,2194,,
01:30.9,6.013,1989,,
01:30.95,6.013,2629,,
01:31.0,6.006,1921,,
01:31.05,6.006,1623,,
01:31.1,6.006,1781,,
01:31.15,6.006,2505,,
01:31.2,6.006,3586,,
01:31.25,6.01,2295,,
01:31.3,6.01,3086,,
01:31.35,6.01,2756,,
01:31.4,6.01,2751,,
01:31.45,6.01,2618,,
01:31.5,5.97,1942,,
01:31.55,5.97,1920,,
01:31.6,5.97,2293,,
01:31.65,5.97,2287,,
01:31.7,5.97,3361,,
01:31.75,5.844,3136,,
01:31.8,5.844,2640,,
01:31.85,5.844,2416,,
01:31.9,5.844,2448,,
01:31.95,5.844,2499,,
01:32.0,5.793,1643,,
01:32.05,5.793,3223,,
01:32.1,5.793,2419,,
01:32.15,5.793,1829,,
01:32.2,5.793,1863,,
01:32.25,5.765,994,,
01:32.3,5.765,2151,,
01:32.35,5.765,1614,,
01:32.4,5.765,2746,,
01:32.45,5.765,2809,,
01:32.5,5.844,2185,,
01:32.55,5.844,929,,
01:32.6,5.844,563,,
01:32.65,5.844,730,,
01:32.7,5.844,1207,,
01:32.75,6.125,1613,,
01:32.8,6.125,2030,,
01:32.85,6.125,2431,,
01:32.9,6.125,2486,,
01:32.95,6.411,3497,,
01:33.0,6.411,3342,,
01:33.05,6.411,3240,,
01:33.1,6.411,3415,,
01:33.15,6.411,2538,,
01:33.2,6.871,2482,,
01:33.25,6.871,2033,,
01:33.3,6.871,2177,,
01:33.35,6.871,1997,,
01:33.4,6.871,2349,,
01:33.45,7.094,1903,,
01:33.5,7.094,1928,,
01:33.55,7.094,1826,,
01:33.6,7.094,1877,,
01:33.65,7.094,2089,,
01:33.7,7.039,2727,,
01:33.75,7.039,2059,,
01:33.8,7.039,2296,,
01:33.85,7.039,2326,,
01:33.9,7.039,2384,,
01:33.95,6.897,1419,,
01:34.0,6.897,1490,,
01:34.05,6.897,1486,,
01:34.1,6.897,1246,,
01:34.15,6.897,1260,,
01:34.2,6.511,1016,,
01:34.25,6.511,1423,,
01:34.3,6.511,1394,,
01:34.35,6.511,1771,,
01:34.4,6.511,2099,,
01:34.45,6.359,2120,,
01:34.5,6.359,1598,,
01:34.55,6.359,1608,,
01:34.6,6.359,1636,,
01:34.65,6.359,1593,,
01:34.7,6.3,1576,,
01:34.75,6.3,1847,,
01:34.8,6.3,1868,,
01:34.85,6.3,2211,,
01:34.9,6.3,2918,,
01:34.95,6.274,1870,,
01:35.0,6.274,2195,,
01:35.05,6.274,2170,,
01:35.1,6.274,2166,,
01:35.15,6.274,2286,,
01:35.2,6.296,1824,,
01:35.25,6.296,1776,,
01:35.3,6.296,1967,,
01:35.35,6.296,1972,,
01:35.4,6.296,2265,,
01:35.45,6.263,2175,,
01:35.5,6.263,2504,,
01:35.55,6.263,2148,,
01:35.6,6.263,2207,,
01:35.65,6.263,2477,,
01:35.7,6.249,2162,,
01:35.75,6.249,2334,,
01:35.8,6.249,2268,,
01:35.85,6.249,2200,,
01:35.9,6.249,2212,,
01:35.95,6.227,1945,,
01:36.0,6.227,1920,,
01:36.05,6.227,1636,,
01:36.1,6.227,1603,,
01:36.15,6.217,1828,,
01:36.2,6.217,1917,,
01:36.25,6.217,2130,,
01:36.3,6.217,1954,,
01:36.35,6.217,2444,,
01:36.4,6.213,1900,,
01:36.45,6.213,1840,,
01:36.5,6.213,1704,,
01:36.55,6.213,1838,,
01:36.6,6.213,1980,,
01:36.65,6.213,2010,,
01:36.7,6.213,2334,,
01:36.75,6.213,2509,,
01:36.8,6.213,1848,,
01:36.85,6.213,2123,,
01:36.9,6.202,2162,,
01:36.95,6.202,2306,,
01:37.0,6.202,2321,,
01:37.05,6.202,2339,,
01:37.1,6.202,2621,,
01:37.15,6.181,2339,,
01:37.2,6.181,2156,,
01:37.25,6.181,2100,,
01:37.3,6.181,2965,,
01:37.35,6.181,1968,,
01:37.4,6.178,2070,,
01:37.45,6.178,2084,,
01:37.5,6.178,2322,,
01:37.55,6.178,2471,,
01:37.6,6.178,2038,,
01:37.65,6.192,2189,,
01:37.7,6.192,1970,,
01:37.75,6.192,1987,,
01:37.8,6.192,1855,,
01:37.85,6.192,1765,,
01:37.9,6.195,2087,,
01:37.95,6.195,2111,,
01:38.0,6.195,1748,,
01:38.05,6.195,1932,,
01:38.1,6.195,1755,,
01:38.15,6.217,1723,,
01:38.2,6.217,1603,,
01:38.25,6.217,1463,,
01:38.3,6.217,1643,,
01:38.35,6.217,1867,,
01:38.4,6.15,1509,,
01:38.45,6.15,1469,,
01:38.5,6.15,1578,,
01:38.55,6.15,1943,,
01:38.6,6.074,2081,,
01:38.65,6.074,2121,,
01:38.7,6.074,1966,,
01:38.75,6.074,2387,,
01:38.8,6.074,2193,,
01:38.85,6.01,2581,,
01:38.9,6.01,2925,,
01:38.95,6.01,2056,,
01:39.0,6.01,2067,,
01:39.05,6.01,1700,,
01:39.1,5.947,2098,,
01:39.15,5.947,1815,,
01:39.2,5.947,1802,,
01:39.25,5.947,1438,,
01:39.3,5.947,1373,,
01:39.35,5.95,1393,,
01:39.4,5.95,1357,,
01:39.45,5.95,977,,
01:39.5,5.95,67,,
01:39.55,5.95,67,,
01:39.6,5.97,94,,
01:39.65,5.97,551,,
01:39.7,5.97,879,,
01:39.75,5.97,984,,
01:39.8,5.97,1536,,
01:39.85,6.006,1374,,
01:39.9,6.006,1727,,
01:39.95,6.006,1873,,
01:40.0,6.006,2343,,
01:40.05,6.006,2521,,
01:40.1,6.043,2284,,
01:40.15,6.043,2286,,
01:40.2,6.043,2175,,
01:40.25,6.043,2272,,
01:40.3,6.043,2100,,
01:40.35,6.06,1994,,
01:40.4,6.06,1961,,
01:40.45,6.06,2116,,
01:40.5,6.06,2078,,
01:40.55,6.06,2107,,
01:40.6,6.03,2697,,
01:40.65,6.03,2274,,
01:40.7,6.03,2487,,
01:40.75,6.03,2476,,
01:40.8,6.03,2621,,
01:40.85,6.003,2503,,
01:40.9,6.003,2087,,
01:40.95,6.003,2056,,
01:41.0,6.003,2228,,
01:41.05,6.003,2171,,
01:41.1,5.98,2463,,
01:41.15,5.98,2216,,
01:41.2,5.98,2332,,
01:41.25,5.98,2057,,
01:41.3,5.99,2322,,
01:41.35,5.99,2303,,
01:41.4,5.99,2275,,
01:41.45,5.99,1981,,
01:41.5,5.99,2116,,
01:41.55,6.02,1994,,
01:41.6,6.02,2287,,
01:41.65,6.02,2267,,
01:41.7,6.02,2408,,
01:41.75,6.02,2009,,
01:41.8,6.087,2363,,
01:41.85,6.087,2334,,
01:41.9,6.087,2010,,
01:41.95,6.087,1663,,
01:42.0,6.087,2316,,
01:42.05,6.074,2294,,
01:42.1,6.074,2483,,
01:42.15,6.074,2425,,
01:42.2,6.074,2730,,
01:42.25,6.074,2496,,
01:42.3,5.99,2873,,
01:42.35,5.99,2227,,
01:42.4,5.99,2529,,
01:42.45,5.99,2611,,
01:42.5,5.99,2554,,
01:42.55,6.04,2642,,
01:42.6,6.04,2383,,
01:42.65,6.04,2191,,
01:42.7,6.04,2482,,
01:42.75,6.04,2949,,
01:42.8,6.053,3618,,
01:42.85,6.053,3280,,
01:42.9,6.053,2768,,
01:42.95,6.053,2428,,
01:43.0,6.053,2108,,
01:43.05,6.087,1931,,
01:43.1,6.087,1727,,
01:43.15,6.087,2052,,
01:43.2,6.087,1787,,
01:43.25,6.087,2089,,
01:43.3,6.143,2093,,
01:43.35,6.143,2054,,
01:43.4,6.143,1579,,
01:43.45,6.143,1497,,
01:43.5,6.143,1650,,
01:43.55,6.06,1726,,
01:43.6,6.06,1665,,
01:43.65,6.06,1658,,
01:43.7,6.06,1985,,
01:43.75,6.06,1795,,
01:43.8,5.976,1903,,
01:43.85,5.976,2117,,
01:43.9,5.976,1880,,
01:43.95,5.976,1694,,
01:44.0,5.963,1960,,
01:44.05,5.963,2181,,
01:44.1,5.963,2168,,
01:44.15,5.963,2138,,
01:44.2,5.963,1976,,
01:44.25,5.993,1923,,
01:44.3,5.993,2106,,
01:44.35,5.993,2061,,
01:44.4,5.993,2058,,
01:44.45,5.993,2105,,
01:44.5,6.01,2026,,
01:44.55,6.01,2187,,
01:44.6,6.01,2216,,
01:44.65,6.01,2084,,
01:44.7,6.01,2526,,
01:44.75,6.006,2111,,
01:44.8,6.006,2112,,
01:44.85,6.006,2132,,
01:44.9,6.006,2110,,
01:44.95,6.006,2167,,
01:45.0,6.02,1665,,
01:45.05,6.02,1748,,
01:45.1,6.02,1930,,
01:45.15,6.02,1862,,
01:45.2,6.02,2111,,
01:45.25,5.963,2021,,
01:45.3,5.963,2101,,
01:45.35,5.963,2095,,
01:45.4,5.963,2104,,
01:45.45,5.963,2123,,
01:45.5,5.872,2154,,
01:45.55,5.872,2116,,
01:45.6,5.872,2785,,
01:45.65,5.872,2198,,
01:45.7,5.872,2103,,
01:45.75,5.784,2235,,
01:45.8,5.784,2530,,
01:45.85,5.784,2474,,
01:45.9,5.784,2397,,
01:45.95,5.784,2274,,
01:46.0,5.686,2218,,
01:46.05,5.686,2326,,
01:46.1,5.686,2125,,
01:46.15,5.686,2183,,
01:46.2,5.686,2236,,
01:46.25,5.683,2281,,
01:46.3,5.683,2165,,
01:46.35,5.683,2083,,
01:46.4,5.683,2690,,
01:46.45,5.683,2006,,
01:46.5,5.716,2109,,
01:46.55,5.716,2172,,
01:46.6,5.716,2578,,
01:46.65,5.716,2431,,
01:46.7,5.775,2556,,
01:46.75,5.775,2020,,
01:46.8,5.775,1976,,
01:46.85,5.775,2111,,
01:46.9,5.775,2268,,
01:46.95,5.853,2177,,
01:47.0,5.853,2354,,
01:47.05,5.853,2122,,
01:47.1,5.853,2583,,
01:47.15,5.853,2111,,
01:47.2,5.99,1973,,
01:47.25,5.99,2678,,
01:47.3,5.99,1884,,
01:47.35,5.99,2055,,
01:47.4,5.99,1862,,
01:47.45,6.067,2095,,
01:47.5,6.067,2334,,
01:47.55,6.067,1821,,
01:47.6,6.067,1836,,
01:47.65,6.067,1821,,
01:47.7,6.03,1879,,
01:47.75,6.03,2070,,
01:47.8,6.03,2483,,
01:47.85,6.03,2842,,
01:47.9,6.03,3132,,
01:47.95,5.953,3763,,
01:48.0,5.953,3742,,
01:48.05,5.953,3362,,
01:48.1,5.953,3594,,
01:48.15,5.953,3066,,
01:48.2,5.8,3846,,
01:48.25,5.8,3236,,
01:48.3,5.8,3372,,
01:48.35,5.8,3335,,
01:48.4,5.8,3364,,
01:48.45,5.729,3423,,
01:48.5,5.729,3493,,
01:48.55,5.729,3939,,
01:48.6,5.729,3950,,
01:48.65,5.729,3723,,
01:48.7,5.806,2759,,
01:48.75,5.806,1671,,
01:48.8,5.806,1299,,
01:48.85,5.806,1540,,
01:48.9,5.806,1147,,
01:48.95,5.891,1136,,
01:49.0,5.891,1077,,
01:49.05,5.891,1099,,
01:49.1,5.891,986,,
01:49.15,5.891,1138,,
01:49.2,5.904,1416,,
01:49.25,5.904,1621,,
01:49.3,5.904,1762,,
01:49.35,5.904,1848,,
01:49.4,5.904,1450,,
01:49.45,5.834,1556,,
01:49.5,5.834,2012,,
01:49.55,5.834,1739,,
01:49.6,5.834,1755,,
01:49.65,5.738,1784,,
01:49.7,5.738,1815,,
01:49.75,5.738,1852,,
01:49.8,5.738,1808,,
01:49.85,5.738,1912,,
01:49.9,5.674,2048,,
01:49.95,5.674,1842,,
01:50.0,5.674,1887,,
01:50.05,5.674,1960,,
01:50.1,5.674,2138,,
01:50.15,5.765,2189,,
01:50.2,5.765,1778,,
01:50.25,5.765,1878,,
01:50.3,5.765,1900,,
01:50.35,5.765,2022,,
01:50.4,5.885,2036,,
01:50.45,5.885,1718,,
01:50.5,5.885,1951,,
01:50.55,5.885,1912,,
01:50.6,5.885,1875,,
01:50.65,6.006,1926,,
01:50.7,6.006,1931,,
01:50.75,6.006,1834,,
01:50.8,6.006,2417,,
01:50.85,6.006,1810,,
01:50.9,6.195,1819,,
01:50.95,6.195,1887,,
01:51.0,6.195,2194,,
01:51.05,6.195,2257,,
01:51.1,6.195,1838,,
01:51.15,6.129,1755,,
01:51.2,6.129,1766,,
01:51.25,6.129,1792,,
01:51.3,6.129,1935,,
01:51.35,6.129,2005,,
01:51.4,5.966,2099,,
01:51.45,5.966,2054,,
01:51.5,5.966,2086,,
01:51.55,5.966,1998,,
01:51.6,5.966,1956,,
01:51.65,5.698,1966,,
01:51.7,5.698,1822,,
01:51.75,5.698,1651,,
01:51.8,5.698,1879,,
01:51.85,5.698,1933,,
01:51.9,5.449,2053,,
01:51.95,5.449,2261,,
01:52.0,5.449,2000,,
01:52.05,5.449,1674,,
01:52.1,5.354,1816,,
01:52.15,5.354,1818,,
01:52.2,5.354,1829,,
01:52.25,5.354,1910,,
01:52.3,5.354,1721,,
01:52.35,5.416,1936,,
01:52.4,5.416,1833,,
01:52.45,5.416,1745,,
01:52.5,5.416,1883,,
01:52.55,5.416,2212,,
01:52.6,5.562,1807,,
01:52.65,5.562,1950,,
01:52.7,5.562,1988,,
01:52.75,5.562,2173,,
01:52.8,5.562,2276,,
01:52.85,5.635,1881,,
01:52.9,5.635,1940,,
01:52.95,5.635,1962,,
01:53.0,5.635,1936,,
01:53.05,5.635,2047,,
01:53.1,5.71,1954,,
01:53.15,5.71,2008,,
01:53.2,5.71,1977,,
01:53.25,5.71,2089,,
01:53.3,5.71,2096,,
01:53.35,5.759,1953,,
01:53.4,5.759,1800,,
01:53.45,5.759,1587,,
01:53.5,5.759,1634,,
01:53.55,5.759,1526,,
01:53.6,5.812,1546,,
01:53.65,5.812,1839,,
01:53.7,5.812,2051,,
01:53.75,5.812,1499,,
01:53.8,5.812,1709,,
01:53.85,5.806,1682,,
01:53.9,5.806,1906,,
01:53.95,5.806,1851,,
01:54.0,5.806,1851,,
01:54.05,5.806,1822,,
01:54.1,5.772,1744,,
01:54.15,5.772,1803,,
01:54.2,5.772,1956,,
01:54.25,5.772,1799,,
01:54.3,5.772,1729,,
01:54.35,5.781,2428,,
01:54.4,5.781,1582,,
01:54.45,5.781,1865,,
01:54.5,5.781,1766,,
01:54.55,5.781,2097,,
01:54.6,5.698,2222,,
01:54.65,5.698,1893,,
01:54.7,5.698,1839,,
01:54.75,5.698,1657,,
01:54.8,5.698,1756,,
01:54.85,5.692,1807,,
01:54.9,5.692,1643,,
01:54.95,5.692,1786,,
01:55.0,5.692,1960,,
01:55.05,5.695,1639,,
01:55.1,5.695,1735,,
01:55.15,5.695,1835,,
01:55.2,5.695,1650,,
01:55.25,5.695,1702,,
01:55.3,5.624,1807,,
01:55.35,5.624,1726,,
01:55.4,5.624,2106,,
01:55.45,5.624,1881,,
01:55.5,5.624,1646,,
01:55.55,5.641,1752,,
01:55.6,5.641,1790,,
01:55.65,5.641,1849,,
01:55.7,5.641,1900,,
01:55.75,5.641,1668,,
01:55.8,5.633,1916,,
01:55.85,5.633,2012,,
01:55.9,5.633,1924,,
01:55.95,5.633,1774,,
01:56.0,5.633,2147,,
01:56.05,5.624,1790,,
01:56.1,5.624,1935,,
01:56.15,5.624,1722,,
01:56.2,5.624,1513,,
01:56.25,5.624,1815,,
01:56.3,5.618,1965,,
01:56.35,5.618,1566,,
01:56.4,5.618,1777,,
01:56.45,5.618,1677,,
01:56.5,5.618,1722,,
01:56.55,5.588,1859,,
01:56.6,5.588,1972,,
01:56.65,5.588,1540,,
01:56.7,5.588,1835,,
01:56.75,5.588,1891,,
01:56.8,5.583,2352,,
01:56.85,5.583,1876,,
01:56.9,5.583,1801,,
01:56.95,5.583,2158,,
01:57.0,5.583,2058,,
01:57.05,5.585,1839,,
01:57.1,5.585,2030,,
01:57.15,5.585,2020,,
01:57.2,5.585,2155,,
01:57.25,5.585,1805,,
01:57.3,5.6,1696,,
01:57.35,5.6,1769,,
01:57.4,5.6,1723,,
01:57.45,5.6,1920,,
01:57.5,5.618,1955,,
01:57.55,5.618,2036,,
01:57.6,5.618,2168,,
01:57.65,5.618,2189,,
01:57.7,5.618,1961,,
01:57.75,5.621,2138,,
01:57.8,5.621,2295,,
01:57.85,5.621,2034,,
01:57.9,5.621,1949,,
01:57.95,5.621,2171,,
01:58.0,5.615,2341,,
01:58.05,5.615,2197,,
01:58.1,5.615,2244,,
01:58.15,5.615,1963,,
01:58.2,5.615,2130,,
01:58.25,5.557,2142,,
01:58.3,5.557,2184,,
01:58.35,5.557,2176,,
01:58.4,5.557,2486,,
01:58.45,5.557,1964,,
01:58.5,5.557,2175,,
01:58.55,5.557,1694,,
01:58.6,5.557,1891,,
01:58.65,5.557,1761,,
01:58.7,5.557,1912,,
01:58.75,5.729,1937,,
01:58.8,5.729,1940,,
01:58.85,5.729,2105,,
01:58.9,5.729,2407,,
01:58.95,5.729,1891,,
01:59.0,5.882,1860,,
01:59.05,5.882,1976,,
01:59.1,5.882,2106,,
01:59.15,5.882,2188,,
01:59.2,5.882,2230,,
01:59.25,5.976,2114,,
01:59.3,5.976,2108,,
01:59.35,5.976,2178,,
01:59.4,5.976,2158,,
01:59.45,5.976,2060,,
01:59.5,5.983,1975,,
01:59.55,5.983,1828,,
01:59.6,5.983,1941,,
01:59.65,5.983,2085,,
01:59.7,5.983,2132,,
01:59.75,5.781,2284,,
01:59.8,5.781,2346,,
01:59.85,5.781,2115,,
01:59.9,5.781,2074,,
01:59.95,5.781,1969,,
02:00.0,5.609,2043,,
02:00.05 ,5.609,2134,,
02:00.1 ,5.609,2123,,
02:00.15 ,5.609,2028,,
02:00.2 ,5.609,2032,,
02:00.25 ,5.557,1883,,
02:00.3 ,5.557,2137,,
02:00.35 ,5.557,2063,,
02:00.4 ,5.557,1926,,
02:00.45 ,5.545,2213,,
02:00.5 ,5.545,2124,,
02:00.55 ,5.545,2330,,
02:00.6 ,5.545,2434,,
02:00.65 ,5.545,2493,,
02:00.7 ,5.471,2418,,
02:00.75 ,5.471,1938,,
02:00.8 ,5.471,1996,,
02:00.85 ,5.471,2011,,
02:00.9 ,5.471,1904,,
02:00.95 ,5.471,1940,,
02:01 .0,5.471,1970,,
02:01.05 ,5.471,1751,,
02:01.1 ,5.471,1908,,
02:01.15 ,5.471,2077,,
02:01.2 ,5.449,1968,,
02:01.25 ,5.449,1987,,
02:01.3 ,5.449,2097,,
02:01.35 ,5.449,2145,,
02:01.4 ,5.449,2141,,
02:01.45 ,5.381,2316,,
02:01.5 ,5.381,2062,,
02:01.55 ,5.381,1977,,
02:01.6 ,5.381,2024,,
02:01.65 ,5.381,2031,,
02:01.7 ,5.381,2149,,
02:01.75 ,5.381,2140,,
02:01.8 ,5.381,1933,,
02:01.85 ,5.381,2111,,
02:01.9 ,5.381,2042,,
02:01.95 ,5.356,1823,,
02:02 .0,5.356,1763,,
02:02.05 ,5.356,1786,,
02:02.1 ,5.356,1885,,
02:02.15 ,5.356,2153,,
02:02.2 ,5.351,2034,,
02:02.25 ,5.351,2229,,
02:02.3 ,5.351,2299,,
02:02.35 ,5.351,1969,,
02:02.4 ,5.351,1944,,
02:02.45 ,5.424,1974,,
02:02.5 ,5.424,2133,,
02:02.55 ,5.424,2101,,
02:02.6 ,5.424,2245,,
02:02.65 ,5.424,2322,,
02:02.7 ,5.516,2648,,
02:02.75 ,5.516,2995,,
02:02.8 ,5.516,3308,,
02:02.85 ,5.516,3238,,
02:02.9 ,5.516,3540,,
02:02.95 ,5.591,2913,,
02:03 .0,5.591,3004,,
02:03.05 ,5.591,3038,,
02:03.1 ,5.591,2826,,
02:03.15 ,5.647,3042,,
02:03.2 ,5.647,2759,,
02:03.25 ,5.647,2326,,
02:03.3 ,5.647,2261,,
02:03.35 ,5.647,2351,,
02:03.4 ,5.68,2309,,
02:03.45 ,5.68,2217,,
02:03.5 ,5.68,2182,,
02:03.55 ,5.68,2192,,
02:03.6 ,5.68,2124,,
02:03.65 ,5.707,2140,,
02:03.7 ,5.707,2155,,
02:03.75 ,5.707,1829,,
02:03.8 ,5.707,2114,,
02:03.85 ,5.707,2212,,
02:03.9 ,5.689,2192,,
02:03.95 ,5.689,2217,,
02:04 .0,5.689,2374,,
02:04.05 ,5.689,2029,,
02:04.1 ,5.689,2059,,
02:04.15 ,5.653,2081,,
02:04.2 ,5.653,2082,,
02:04.25 ,5.653,2194,,
02:04.3 ,5.653,2106,,
02:04.35 ,5.653,2224,,
02:04.4 ,5.577,2046,,
02:04.45 ,5.577,2065,,
02:04.5 ,5.577,2141,,
02:04.55 ,5.577,2059,,
02:04.6 ,5.577,2252,,
02:04.65 ,5.548,2032,,
02:04.7 ,5.548,1999,,
02:04.75 ,5.548,1996,,
02:04.8 ,5.548,2254,,
02:04.85 ,5.548,2464,,
02:04.9 ,5.588,2293,,
02:04.95 ,5.588,2080,,
02:05 .0,5.588,2063,,
02:05.05 ,5.588,2145,,
02:05.1 ,5.588,2255,,
02:05.15 ,5.732,2236,,
02:05.2 ,5.732,2292,,
02:05.25 ,5.732,2243,,
02:05.3 ,5.732,2376,,
02:05.35 ,5.732,2333,,
02:05.4 ,5.921,2447,,
02:05.45 ,5.921,2131,,
02:05.5 ,5.921,2559,,
02:05.55 ,5.921,2225,,
02:05.6 ,5.921,2200,,
02:05.65 ,5.963,2256,,
02:05.7 ,5.963,2480,,
02:05.75 ,5.963,2557,,
02:05.8 ,5.963,2447,,
02:05.85 ,5.97,1851,,
02:05.9 ,5.97,2062,,
02:05.95 ,5.97,2133,,
02:06 .0,5.97,2114,,
02:06.05 ,5.97,2113,,
02:06.1 ,5.875,2279,,
02:06.15 ,5.875,2396,,
02:06.2 ,5.875,2088,,
02:06.25 ,5.875,2407,,
02:06.3 ,5.875,1898,,
02:06.35 ,5.738,2246,,
02:06.4 ,5.738,2273,,
02:06.45 ,5.738,2245,,
02:06.5 ,5.738,2513,,
02:06.55 ,5.738,2426,,
02:06.6 ,5.662,1825,,
02:06.65 ,5.662,2073,,
02:06.7 ,5.662,2153,,
02:06.75 ,5.662,2131,,
02:06.8 ,5.662,2183,,
02:06.85 ,5.638,2184,,
02:06.9 ,5.638,2172,,
02:06.95 ,5.638,2252,,
02:07 .0,5.638,2255,,
02:07.05 ,5.638,2227,,
02:07.1 ,5.677,3048,,
02:07.15 ,5.677,1977,,
02:07.2 ,5.677,2226,,
02:07.25 ,5.677,2201,,
02:07.3 ,5.677,2436,,
02:07.35 ,5.784,2439,,
02:07.4 ,5.784,2193,,
02:07.45 ,5.784,2065,,
02:07.5 ,5.784,2090,,
02:07.55 ,5.784,2143,,
02:07.6 ,5.94,1987,,
02:07.65 ,5.94,2019,,
02:07.7 ,5.94,2014,,
02:07.75 ,5.94,2110,,
02:07.8 ,5.94,2025,,
02:07.85 ,6.01,2197,,
02:07.9 ,6.01,2235,,
02:07.95 ,6.01,2929,,
02:08 .0,6.01,2288,,
02:08.05 ,6.01,2269,,
02:08.1 ,5.99,2289,,
02:08.15 ,5.99,2473,,
02:08.2 ,5.99,2770,,
02:08.25 ,5.99,2236,,
02:08.3 ,5.99,2257,,
02:08.35 ,5.921,2160,,
02:08.4 ,5.921,2239,,
02:08.45 ,5.921,2091,,
02:08.5 ,5.921,2016,,
02:08.55 ,5.828,2418,,
02:08.6 ,5.828,1997,,
02:08.65 ,5.828,1783,,
02:08.7 ,5.828,2069,,
02:08.75 ,5.828,2035,,
02:08.8 ,5.8,2172,,
02:08.85 ,5.8,1422,,
02:08.9 ,5.8,1675,,
02:08.95 ,5.8,2628,,
02:09 .0,5.8,3964,,
02:09.05 ,5.765,3980,,
02:09.1 ,5.765,4009,,
02:09.15 ,5.765,2531,,
02:09.2 ,5.765,189,,
02:09.25 ,5.765,18,,
02:09.3 ,5.747,14,,
02:09.35 ,5.747,22,,
02:09.4 ,5.747,987,,
02:09.45 ,5.747,3991,,
02:09.5 ,5.747,4008,,
02:09.55 ,5.784,4003,,
02:09.6 ,5.784,4006,,
02:09.65 ,5.784,4007,,
02:09.7 ,5.784,4005,,
02:09.75 ,5.784,4004,,
02:09.8 ,5.735,4006,,
02:09.85 ,5.735,4006,,
02:09.9 ,5.735,4002,,
02:09.95 ,5.735,4003,,
02:10.0,5.735,4004,,
02:10.05,5.647,4000,,
02:10.1,5.647,4019,,
02:10.15,5.647,3996,,
02:10.2,5.647,3972,,
02:10.25,5.647,1202,,
02:10.3,5.612,660,,
02:10.35,5.612,75,,
02:10.4,5.612,286,,
02:10.45,5.612,630,,
02:10.5,5.612,779,,
02:10.55,5.603,1389,,
02:10.6,5.603,1332,,
02:10.65,5.603,1133,,
02:10.7,5.603,1583,,
02:10.75,5.603,1319,,
02:10.8,5.677,1683,,
02:10.85,5.677,1306,,
02:10.9,5.677,1102,,
02:10.95,5.677,854,,
02:11.0,5.677,1001,,
02:11.05,5.806,1302,,
02:11.1,5.806,1924,,
02:11.15,5.806,1519,,
02:11.2,5.806,1599,,
02:11.25,5.85,1766,,
02:11.3,5.85,1772,,
02:11.35,5.85,2592,,
02:11.4,5.85,2458,,
02:11.45,5.85,1730,,
02:11.5,5.85,931,,
02:11.55,5.85,1301,,
02:11.6,5.85,1535,,
02:11.65,5.85,1557,,
02:11.7,5.85,1620,,
02:11.75,5.806,1724,,
02:11.8,5.806,1790,,
02:11.85,5.806,1730,,
02:11.9,5.806,1187,,
02:11.95,5.806,1294,,
02:12.0,5.803,1297,,
02:12.05,5.803,1948,,
02:12.1,5.803,1613,,
02:12.15,5.803,1841,,
02:12.2,5.803,1248,,
02:12.25,5.844,1275,,
02:12.3,5.844,1310,,
02:12.35,5.844,1210,,
02:12.4,5.844,1442,,
02:12.45,5.844,1743,,
02:12.5,5.866,1367,,
02:12.55,5.866,1747,,
02:12.6,5.866,1915,,
02:12.65,5.866,1810,,
02:12.7,5.866,1534,,
02:12.75,5.934,2861,,
02:12.8,5.934,1893,,
02:12.85,5.934,1837,,
02:12.9,5.934,1842,,
02:12.95,5.934,2062,,
02:13.0,5.996,2345,,
02:13.05,5.996,1892,,
02:13.1,5.996,1894,,
02:13.15,5.996,1847,,
02:13.2,5.996,1904,,
02:13.25,5.983,1905,,
02:13.3,5.983,1893,,
02:13.35,5.983,2117,,
02:13.4,5.983,1984,,
02:13.45,5.983,1959,,
02:13.5,5.973,2110,,
02:13.55,5.973,2024,,
02:13.6,5.973,2300,,
02:13.65,5.973,2053,,
02:13.7,5.973,2357,,
02:13.75,5.947,2285,,
02:13.8,5.947,2582,,
02:13.85,5.947,2833,,
02:13.9,5.947,2844,,
02:13.95,5.947,2391,,
02:14.0,5.943,2287,,
02:14.05,5.943,2354,,
02:14.1,5.943,2134,,
02:14.15,5.943,2223,,
02:14.2,5.966,2288,,
02:14.25,5.966,2206,,
02:14.3,5.966,2327,,
02:14.35,5.966,2097,,
02:14.4,5.966,2118,,
02:14.45,5.96,2216,,
02:14.5,5.96,1972,,
02:14.55,5.96,1910,,
02:14.6,5.96,2088,,
02:14.65,5.96,2383,,
02:14.7,6.006,2498,,
02:14.75,6.006,2172,,
02:14.8,6.006,2353,,
02:14.85,6.006,2299,,
02:14.9,6.006,2389,,
02:14.95,6.043,2305,,
02:15.0,6.043,2383,,
02:15.05,6.043,2533,,
02:15.1,6.043,2741,,
02:15.15,6.043,2644,,
02:15.2,6.05,2480,,
02:15.25,6.05,2429,,
02:15.3,6.05,3176,,
02:15.35,6.05,2408,,
02:15.4,6.05,2361,,
02:15.45,6.043,2567,,
02:15.5,6.043,2921,,
02:15.55,6.043,2974,,
02:15.6,6.043,2598,,
02:15.65,6.043,2543,,
02:15.7,5.914,2690,,
02:15.75,5.914,2889,,
02:15.8,5.914,3043,,
02:15.85,5.914,3019,,
02:15.9,5.914,2969,,
02:15.95,5.784,3005,,
02:16.0,5.784,3118,,
02:16.05,5.784,2770,,
02:16.1,5.784,2645,,
02:16.15,5.784,2837,,
02:16.2,5.787,2458,,
02:16.25,5.787,2522,,
02:16.3,5.787,2436,,
02:16.35,5.787,2701,,
02:16.4,5.787,3117,,
02:16.45,5.879,2643,,
02:16.5,5.879,2618,,
02:16.55,5.879,2647,,
02:16.6,5.879,2735,,
02:16.65,6.053,2822,,
02:16.7,6.053,2791,,
02:16.75,6.053,2728,,
02:16.8,6.053,2847,,
02:16.85,6.053,2917,,
02:16.9,6.242,2882,,
02:16.95,6.242,3158,,
02:17.0,6.242,2986,,
02:17.05,6.242,3171,,
02:17.1,6.242,3488,,
02:17.15,6.311,3690,,
02:17.2,6.311,3810,,
02:17.25,6.311,3200,,
02:17.3,6.311,3019,,
02:17.35,6.311,2722,,
02:17.4,6.318,2555,,
02:17.45,6.318,2178,,
02:17.5,6.318,1983,,
02:17.55,6.318,1610,,
02:17.6,6.318,1717,,
02:17.65,6.325,1662,,
02:17.7,6.325,1210,,
02:17.75,6.325,841,,
02:17.8,6.325,753,,
02:17.85,6.325,385,,
02:17.9,6.404,108,,
02:17.95,6.404,71,,
02:18.0,6.404,98,,
02:18.05,6.404,827,,
02:18.1,6.404,633,,
02:18.15,6.438,731,,
02:18.2,6.438,1265,,
02:18.25,6.438,1288,,
02:18.3,6.438,1528,,
02:18.35,6.438,1592,,
02:18.4,6.318,1699,,
02:18.45,6.318,1797,,
02:18.5,6.318,1809,,
02:18.55,6.318,1842,,
02:18.6,6.318,1863,,
02:18.65,6.06,1672,,
02:18.7,6.06,1680,,
02:18.75,6.06,1472,,
02:18.8,6.06,1499,,
02:18.85,6.06,1646,,
02:18.9,5.869,1721,,
02:18.95,5.869,1868,,
02:19.0,5.869,1841,,
02:19.05,5.869,1514,,
02:19.1,5.869,1626,,
02:19.15,5.796,1484,,
02:19.2,5.796,1573,,
02:19.25,5.796,1770,,
02:19.3,5.796,1818,,
02:19.35,5.796,1568,,
02:19.4,5.834,2039,,
02:19.45,5.834,2201,,
02:19.5,5.834,2087,,
02:19.55,5.834,2965,,
02:19.6,6.033,2006,,
02:19.65,6.033,2089,,
02:19.7,6.033,2090,,
02:19.75,6.033,2280,,
02:19.8,6.033,2403,,
02:19.85,6.003,1852,,
02:19.9,6.003,1795,,
02:19.95,6.003,1965,,
02:20.0,6.003,1969,,
02:20.05,6.003,2210,,
02:20.1,5.953,2036,,
02:20.15,5.953,2060,,
02:20.2,5.953,2031,,
02:20.25,5.953,2318,,
02:20.3,5.953,2309,,
02:20.35,5.953,2399,,
02:20.4,5.953,2454,,
02:20.45,5.953,1940,,
02:20.5,5.953,2021,,
02:20.55,5.953,1958,,
02:20.6,5.879,2186,,
02:20.65,5.879,2473,,
02:20.7,5.879,1981,,
02:20.75,5.879,2026,,
02:20.8,5.879,1944,,
02:20.85,5.901,2115,,
02:20.9,5.901,2148,,
02:20.95,5.901,2085,,
02:21.0,5.901,1979,,
02:21.05,5.901,1956,,
02:21.1,5.921,2032,,
02:21.15,5.921,2041,,
02:21.2,5.921,2222,,
02:21.25,5.921,1905,,
02:21.3,5.921,2144,,
02:21.35,5.908,2004,,
02:21.4,5.908,2283,,
02:21.45,5.908,2207,,
02:21.5,5.908,1585,,
02:21.55,5.908,2165,,
02:21.6,5.904,1978,,
02:21.65,5.904,1719,,
02:21.7,5.904,2060,,
02:21.75,5.904,2016,,
02:21.8,5.904,1998,,
02:21.85,5.895,2165,,
02:21.9,5.895,2212,,
02:21.95,5.895,2538,,
02:22.0,5.895,2307,,
02:22.05,5.882,2323,,
02:22.1,5.882,2347,,
02:22.15,5.882,1815,,
02:22.2,5.882,2183,,
02:22.25,5.882,1834,,
02:22.3,5.885,2355,,
02:22.35,5.885,2413,,
02:22.4,5.885,2370,,
02:22.45,5.885,2104,,
02:22.5,5.885,1387,,
02:22.55,5.863,1503,,
02:22.6,5.863,1487,,
02:22.65,5.863,1632,,
02:22.7,5.863,1429,,
02:22.75,5.863,1852,,
02:22.8,5.898,2310,,
02:22.85,5.898,2789,,
02:22.9,5.898,3079,,
02:22.95,5.898,1964,,
02:23.0,5.898,1217,,
02:23.05,5.908,1152,,
02:23.1,5.908,937,,
02:23.15,5.908,1406,,
02:23.2,5.908,1443,,
02:23.25,5.908,1887,,
02:23.3,5.831,2401,,
02:23.35,5.831,1867,,
02:23.4,5.831,2119,,
02:23.45,5.831,1496,,
02:23.5,5.831,1309,,
02:23.55,5.803,1750,,
02:23.6,5.803,1519,,
02:23.65,5.803,1415,,
02:23.7,5.803,1179,,
02:23.75,5.803,2072,,
02:23.8,5.781,2236,,
02:23.85,5.781,2988,,
02:23.9,5.781,3091,,
02:23.95,5.781,2189,,
02:24.0,5.781,2627,,
02:24.05,5.882,1707,,
02:24.1,5.882,2626,,
02:24.15,5.882,3535,,
02:24.2,5.882,3034,,
02:24.25,5.882,3647,,
02:24.3,5.996,1468,,
02:24.35,5.996,1387,,
02:24.4,5.996,953,,
02:24.45,5.996,1111,,
02:24.5,5.996,1856,,
02:24.55,6.074,1947,,
02:24.6,6.074,2072,,
02:24.65,6.074,2198,,
02:24.7,6.074,2330,,
02:24.75,6.074,3225,,
02:24.8,6.178,3148,,
02:24.85,6.178,3203,,
02:24.9,6.178,2354,,
02:24.95,6.178,2524,,
02:25.0,6.111,2536,,
02:25.05,6.111,2522,,
02:25.1,6.111,2675,,
02:25.15,6.111,2769,,
02:25.2,6.111,2685,,
02:25.25,6.067,3045,,
02:25.3,6.067,2683,,
02:25.35,6.067,2372,,
02:25.4,6.067,2142,,
02:25.45,6.067,2176,,
02:25.5,6.087,2723,,
02:25.55,6.087,2500,,
02:25.6,6.087,2164,,
02:25.65,6.087,2306,,
02:25.7,6.087,2223,,
02:25.75,5.98,2834,,
02:25.8,5.98,2591,,
02:25.85,5.98,2370,,
02:25.9,5.98,2190,,
02:25.95,5.98,1968,,
02:26.0,5.79,1838,,
02:26.05,5.79,2281,,
02:26.1,5.79,1616,,
02:26.15,5.79,1610,,
02:26.2,5.79,1643,,
02:26.25,5.659,1890,,
02:26.3,5.659,2194,,
02:26.35,5.659,1908,,
02:26.4,5.659,1876,,
02:26.45,5.659,2108,,
02:26.5,5.539,1715,,
02:26.55,5.539,1899,,
02:26.6,5.539,1914,,
02:26.65,5.539,1902,,
02:26.7,5.539,1937,,
02:26.75,5.502,1909,,
02:26.8,5.502,2060,,
02:26.85,5.502,1798,,
02:26.9,5.502,1853,,
02:26.95,5.502,1863,,
02:27.0,5.554,1895,,
02:27.05,5.554,2077,,
02:27.1,5.554,2226,,
02:27.15,5.554,2117,,
02:27.2,5.554,1694,,
02:27.25,5.603,1780,,
02:27.3,5.603,1873,,
02:27.35,5.603,2121,,
02:27.4,5.603,1937,,
02:27.45,5.603,2102,,
02:27.5,5.644,2043,,
02:27.55,5.644,2025,,
02:27.6,5.644,2062,,
02:27.65,5.644,2715,,
02:27.7,5.692,1688,,
02:27.75,5.692,1896,,
02:27.8,5.692,1957,,
02:27.85,5.692,2082,,
02:27.9,5.692,2164,,
02:27.95,5.765,1971,,
02:28.0,5.765,1888,,
02:28.05,5.765,1979,,
02:28.1,5.765,1755,,
02:28.15,5.765,1796,,
02:28.2,5.809,1900,,
02:28.25,5.809,1938,,
02:28.3,5.809,1756,,
02:28.35,5.809,1783,,
02:28.4,5.809,1896,,
02:28.45,5.914,1802,,
02:28.5,5.914,1887,,
02:28.55,5.914,1611,,
02:28.6,5.914,1923,,
02:28.65,5.914,2081,,
02:28.7,6.171,1978,,
02:28.75,6.171,1925,,
02:28.8,6.171,1809,,
02:28.85,6.171,1546,,
02:28.9,6.171,1468,,
02:28.95,6.3,1683,,
02:29.0,6.3,1918,,
02:29.05,6.3,2207,,
02:29.1,6.3,2629,,
02:29.15,6.3,2403,,
02:29.2,6.385,2558,,
02:29.25,6.385,2285,,
02:29.3,6.385,2145,,
02:29.35,6.385,2019,,
02:29.4,6.385,2201,,
02:29.45,6.366,2179,,
02:29.5,6.366,1863,,
02:29.55,6.366,2046,,
02:29.6,6.366,2257,,
02:29.65,6.366,2106,,
02:29.7,6.153,2161,,
02:29.75,6.153,1989,,
02:29.8,6.153,2164,,
02:29.85,6.153,1905,,
02:29.9,6.153,2074,,
02:29.95,6.108,2367,,
02:30.0,6.108,2443,,
02:30.05,6.108,2233,,
02:30.1,6.108,2287,,
02:30.15,6.111,2770,,
02:30.2,6.111,2123,,
02:30.25,6.111,2227,,
02:30.3,6.111,2158,,
02:30.35,6.111,2290,,
02:30.4,6.16,2523,,
02:30.45,6.16,2092,,
02:30.5,6.16,2017,,
02:30.55,6.16,1982,,
02:30.6,6.16,1996,,
02:30.65,6.238,1948,,
02:30.7,6.238,2008,,
02:30.75,6.238,1952,,
02:30.8,6.238,2087,,
02:30.85,6.238,2033,,
02:30.9,6.234,1881,,
02:30.95,6.234,1891,,
02:31.0,6.234,1763,,
02:31.05,6.234,1967,,
02:31.1,6.234,2029,,
02:31.15,6.227,2106,,
02:31.2,6.227,2334,,
02:31.25,6.227,2215,,
02:31.3,6.227,2019,,
02:31.35,6.227,1944,,
02:31.4,6.185,2006,,
02:31.45,6.185,2062,,
02:31.5,6.185,1949,,
02:31.55,6.185,2036,,
02:31.6,6.185,1990,,
02:31.65,6.104,2020,,
02:31.7,6.104,2022,,
02:31.75,6.104,2046,,
02:31.8,6.104,2004,,
02:31.85,6.104,1979,,
02:31.9,6.104,2058,,
02:31.95,6.104,2004,,
02:32.0,6.104,2138,,
02:32.05,6.104,2390,,
02:32.1,6.104,2214,,
02:32.15,6.136,1980,,
02:32.2,6.136,2114,,
02:32.25,6.136,2140,,
02:32.3,6.136,2054,,
02:32.35,6.136,2176,,
02:32.4,6.249,2221,,
02:32.45,6.249,2091,,
02:32.5,6.249,1970,,
02:32.55,6.249,2127,,
02:32.6,6.249,2020,,
02:32.65,6.373,2178,,
02:32.7,6.373,2177,,
02:32.75,6.373,2165,,
02:32.8,6.373,2454,,
02:32.85,6.373,2269,,
02:32.9,6.476,2022,,
02:32.95,6.476,2051,,
02:33.0,6.476,2059,,
02:33.05,6.476,2071,,
02:33.1,6.461,2093,,
02:33.15,6.461,1987,,
02:33.2,6.461,2102,,
02:33.25,6.461,1956,,
02:33.3,6.461,2177,,
02:33.35,6.292,1994,,
02:33.4,6.292,2029,,
02:33.45,6.292,2157,,
02:33.5,6.292,2101,,
02:33.55,6.292,2268,,
02:33.6,6.146,2246,,
02:33.65,6.146,2003,,
02:33.7,6.146,2064,,
02:33.75,6.146,2109,,
02:33.8,6.146,2074,,
02:33.85,6.036,2088,,
02:33.9,6.036,2012,,
02:33.95,6.036,2059,,
02:34.0,6.036,2093,,
02:34.05,6.036,2023,,
02:34.1,6.08,1996,,
02:34.15,6.08,1795,,
02:34.2,6.08,1980,,
02:34.25,6.08,2052,,
02:34.3,6.08,2110,,
02:34.35,6.174,2275,,
02:34.4,6.174,2259,,
02:34.45,6.174,2057,,
02:34.5,6.174,1897,,
02:34.55,6.174,2049,,
02:34.6,6.227,2028,,
02:34.65,6.227,2132,,
02:34.7,6.227,2062,,
02:34.75,6.227,2008,,
02:34.8,6.227,2055,,
02:34.85,6.242,2088,,
02:34.9,6.242,2018,,
02:34.95,6.242,2132,,
02:35.0,6.242,2700,,
02:35.05,6.242,2069,,
02:35.1,6.202,2107,,
02:35.15,6.202,2197,,
02:35.2,6.202,2272,,
02:35.25,6.202,2331,,
02:35.3,6.202,2143,,
02:35.35,6.174,1938,,
02:35.4,6.174,1896,,
02:35.45,6.174,1961,,
02:35.5,6.174,2038,,
02:35.55,6.178,2055,,
02:35.6,6.178,2058,,
02:35.65,6.178,2213,,
02:35.7,6.178,1993,,
02:35.75,6.178,2020,,
02:35.8,6.185,1940,,
02:35.85,6.185,1795,,
02:35.9,6.185,1617,,
02:35.95,6.185,1830,,
02:36.0,6.185,1983,,
02:36.05,6.192,2048,,
02:36.1,6.192,1885,,
02:36.15,6.192,1910,,
02:36.2,6.192,1830,,
02:36.25,6.192,1874,,
02:36.3,6.143,1961,,
02:36.35,6.143,1829,,
02:36.4,6.143,2006,,
02:36.45,6.143,2076,,
02:36.5,6.143,1928,,
02:36.55,6.111,1932,,
02:36.6,6.111,1756,,
02:36.65,6.111,2002,,
02:36.7,6.111,2013,,
02:36.75,6.111,2030,,
02:36.8,6.084,2167,,
02:36.85,6.084,2397,,
02:36.9,6.084,1978,,
02:36.95,6.084,2109,,
02:37.0,6.084,2100,,
02:37.05,6.016,2113,,
02:37.1,6.016,2257,,
02:37.15,6.016,2054,,
02:37.2,6.016,1905,,
02:37.25,6.016,2102,,
02:37.3,5.983,2126,,
02:37.35,5.983,1995,,
02:37.4,5.983,2125,,
02:37.45,5.983,2025,,
02:37.5,5.983,1856,,
02:37.55,6.139,1902,,
02:37.6,6.139,1972,,
02:37.65,6.139,2077,,
02:37.7,6.139,2634,,
02:37.75,6.139,2258,,
02:37.8,6.15,2058,,
02:37.85,6.15,1997,,
02:37.9,6.15,1959,,
02:37.95,6.15,2071,,
02:38.0,6.15,1955,,
02:38.05,6.111,1749,,
02:38.1,6.111,1909,,
02:38.15,6.111,2004,,
02:38.2,6.111,1997,,
02:38.25,6.111,2023,,
02:38.3,6.139,1770,,
02:38.35,6.139,1935,,
02:38.4,6.139,1978,,
02:38.45,6.139,2120,,
02:38.5,6.139,2260,,
02:38.55,5.986,2174,,
02:38.6,5.986,1990,,
02:38.65,5.986,1767,,
02:38.7,5.986,1909,,
02:38.75,6.023,1956,,
02:38.8,6.023,2029,,
02:38.85,6.023,1934,,
02:38.9,6.023,2196,,
02:38.95,6.023,2189,,
02:39.0,6.171,2016,,
02:39.05,6.171,1932,,
02:39.1,6.171,3068,,
02:39.15,6.171,1918,,
02:39.2,6.171,1954,,
02:39.25,6.3,2043,,
02:39.3,6.3,2221,,
02:39.35,6.3,2383,,
02:39.4,6.3,2123,,
02:39.45,6.3,1986,,
02:39.5,6.4,1820,,
02:39.55,6.4,1899,,
02:39.6,6.4,2005,,
02:39.65,6.4,2009,,
02:39.7,6.4,2085,,
02:39.75,6.422,2106,,
02:39.8,6.422,1969,,
02:39.85,6.422,2107,,
02:39.9,6.422,1914,,
02:39.95,6.422,2099,,
02:40.0,6.404,1922,,
02:40.05,6.404,2129,,
02:40.1,6.404,2286,,
02:40.15,6.404,2159,,
02:40.2,6.404,1873,,
02:40.25,6.362,1835,,
02:40.3,6.362,1894,,
02:40.35,6.362,1981,,
02:40.4,6.362,1909,,
02:40.45,6.362,2036,,
02:40.5,6.344,2050,,
02:40.55,6.344,1850,,
02:40.6,6.344,2139,,
02:40.65,6.344,2021,,
02:40.7,6.344,1984,,
02:40.75,6.271,2017,,
02:40.8,6.271,2066,,
02:40.85,6.271,2373,,
02:40.9,6.271,2150,,
02:40.95,6.271,1901,,
02:41.0,6.16,1884,,
02:41.05,6.16,1876,,
02:41.1,6.16,2010,,
02:41.15,6.16,1993,,
02:41.2,6.016,2065,,
02:41.25,6.016,2181,,
02:41.3,6.016,2117,,
02:41.35,6.016,2002,,
02:41.4,6.016,2677,,
02:41.45,5.96,2048,,
02:41.5,5.96,2052,,
02:41.55,5.96,2082,,
02:41.6,5.96,2218,,
02:41.65,5.96,2416,,
02:41.7,6.01,2033,,
02:41.75,6.01,1961,,
02:41.8,6.01,2109,,
02:41.85,6.01,2067,,
02:41.9,6.01,2182,,
02:41.95,6.125,2207,,
02:42.0,6.125,2221,,
02:42.05,6.125,2204,,
02:42.1,6.125,2158,,
02:42.15,6.125,2142,,
02:42.2,6.252,2931,,
02:42.25,6.252,2060,,
02:42.3,6.252,2033,,
02:42.35,6.252,2126,,
02:42.4,6.252,2118,,
02:42.45,6.285,2190,,
02:42.5,6.285,1957,,
02:42.55,6.285,1710,,
02:42.6,6.285,1859,,
02:42.65,6.285,1791,,
02:42.7,6.322,2003,,
02:42.75,6.322,1996,,
02:42.8,6.322,2221,,
02:42.85,6.322,1769,,
02:42.9,6.322,1979,,
02:42.95,6.274,2197,,
02:43.0,6.274,2014,,
02:43.05,6.274,2169,,
02:43.1,6.274,2165,,
02:43.15,6.274,2468,,
02:43.2,6.227,2659,,
02:43.25,6.227,2006,,
02:43.3,6.227,2083,,
02:43.35,6.227,1860,,
02:43.4,6.227,1935,,
02:43.45,6.188,1955,,
02:43.5,6.188,2009,,
02:43.55,6.188,1964,,
02:43.6,6.188,1963,,
02:43.65,6.188,2103,,
02:43.7,6.15,2367,,
02:43.75,6.15,1911,,
02:43.8,6.15,2180,,
02:43.85,6.15,2069,,
02:43.9,6.181,2236,,
02:43.95,6.181,2405,,
02:44.0,6.181,2148,,
02:44.05,6.181,1916,,
02:44.1,6.181,1985,,
02:44.15,6.231,2017,,
02:44.2,6.231,1950,,
02:44.25,6.231,1989,,
02:44.3,6.231,2031,,
02:44.35,6.231,2061,,
02:44.4,6.281,2182,,
02:44.45,6.281,2059,,
02:44.5,6.281,2181,,
02:44.55,6.281,2031,,
02:44.6,6.281,1978,,
02:44.65,6.296,2090,,
02:44.7,6.296,2117,,
02:44.75,6.296,2217,,
02:44.8,6.296,2559,,
02:44.85,6.296,2376,,
02:44.9,6.307,2000,,
02:44.95,6.307,1925,,
02:45.0,6.307,2336,,
02:45.05,6.307,2345,,
02:45.1,6.307,2071,,
02:45.15,6.311,2006,,
02:45.2,6.311,2325,,
02:45.25,6.311,2265,,
02:45.3,6.311,2161,,
02:45.35,6.311,2029,,
02:45.4,6.281,1938,,
02:45.45,6.281,1996,,
02:45.5,6.281,1849,,
02:45.55,6.281,2043,,
02:45.6,6.281,2150,,
02:45.65,6.252,2312,,
02:45.7,6.252,1973,,
02:45.75,6.252,1894,,
02:45.8,6.252,1809,,
02:45.85,6.252,1960,,
02:45.9,6.213,2012,,
02:45.95,6.213,2178,,
02:46.0,6.213,2268,,
02:46.05,6.213,2446,,
02:46.1,6.213,2406,,
02:46.15,6.199,2302,,
02:46.2,6.199,2791,,
02:46.25,6.199,2539,,
02:46.3,6.199,2979,,
02:46.35,6.199,2612,,
02:46.4,6.224,2477,,
02:46.45,6.224,2053,,
02:46.5,6.224,2176,,
02:46.55,6.224,2137,,
02:46.6,6.234,2137,,
02:46.65,6.234,2207,,
02:46.7,6.234,2102,,
02:46.75,6.234,2203,,
02:46.8,6.234,2237,,
02:46.85,6.238,2272,,
02:46.9,6.238,2205,,
02:46.95,6.238,2112,,
02:47.0,6.238,2359,,
02:47.05,6.238,2561,,
02:47.1,6.231,2465,,
02:47.15,6.231,2652,,
02:47.2,6.231,2583,,
02:47.25,6.231,2096,,
02:47.3,6.231,1913,,
02:47.35,6.227,2116,,
02:47.4,6.227,1713,,
02:47.45,6.227,2283,,
02:47.5,6.227,1926,,
02:47.55,6.227,1944,,
02:47.6,6.267,2116,,
02:47.65,6.267,1914,,
02:47.7,6.267,2238,,
02:47.75,6.267,2496,,
02:47.8,6.267,2036,,
02:47.85,6.347,2011,,
02:47.9,6.347,2048,,
02:47.95,6.347,2238,,
02:48.0,6.347,2305,,
02:48.05,6.347,2196,,
02:48.1,6.449,2153,,
02:48.15,6.449,2260,,
02:48.2,6.449,2041,,
02:48.25,6.449,2090,,
02:48.3,6.449,2353,,
02:48.35,6.491,2175,,
02:48.4,6.491,2229,,
02:48.45,6.491,2147,,
02:48.5,6.491,2170,,
02:48.55,6.491,1965,,
02:48.6,6.495,2238,,
02:48.65,6.495,2179,,
02:48.7,6.495,2204,,
02:48.75,6.495,2474,,
02:48.8,6.495,2464,,
02:48.85,6.634,2065,,
02:48.9,6.634,2174,,
02:48.95,6.634,2174,,
02:49.0,6.634,2193,,
02:49.05,6.634,2018,,
02:49.1,6.526,2130,,
02:49.15,6.526,1608,,
02:49.2,6.526,1940,,
02:49.25,6.526,2238,,
02:49.3,6.373,2352,,
02:49.35,6.373,2664,,
02:49.4,6.373,2300,,
02:49.45,6.373,2081,,
02:49.5,6.373,2190,,
02:49.55,6.37,2292,,
02:49.6,6.37,2313,,
02:49.65,6.37,1769,,
02:49.7,6.37,1984,,
02:49.75,6.37,1708,,
02:49.8,6.256,2222,,
02:49.85,6.256,1847,,
02:49.9,6.256,1572,,
02:49.95,6.256,1832,,
02:50.0,6.256,2026,,
02:50.05,6.333,1400,,
02:50.1,6.333,897,,
02:50.15,6.333,864,,
02:50.2,6.333,1673,,
02:50.25,6.333,1598,,
02:50.3,6.491,1481,,
02:50.35,6.491,1730,,
02:50.4,6.491,1606,,
02:50.45,6.491,1770,,
02:50.5,6.491,1935,,
02:50.55,6.554,1857,,
02:50.6,6.554,1752,,
02:50.65,6.554,1577,,
02:50.7,6.554,2163,,
02:50.75,6.554,2349,,
02:50.8,6.574,2569,,
02:50.85,6.574,2186,,
02:50.9,6.574,2229,,
02:50.95,6.574,2463,,
02:51.0,6.574,2543,,
02:51.05,6.554,2613,,
02:51.1,6.554,2502,,
02:51.15,6.554,2453,,
02:51.2,6.554,1924,,
02:51.25,6.554,1771,,
02:51.3,6.519,1928,,
02:51.35,6.519,1566,,
02:51.4,6.519,1594,,
02:51.45,6.519,1727,,
02:51.5,6.519,1684,,
02:51.55,6.484,1626,,
02:51.6,6.484,1859,,
02:51.65,6.484,1234,,
02:51.7,6.484,1951,,
02:51.75,6.484,2325,,
02:51.8,6.453,2254,,
02:51.85,6.453,2699,,
02:51.9,6.453,2431,,
02:51.95,6.453,1816,,
02:52.0,6.453,1920,,
02:52.05,6.48,2143,,
02:52.1,6.48,1808,,
02:52.15,6.48,1812,,
02:52.2,6.48,1708,,
02:52.25,6.53,1680,,
02:52.3,6.53,1454,,
02:52.35,6.53,1049,,
02:52.4,6.53,1910,,
02:52.45,6.53,1239,,
02:52.5,6.546,1199,,
02:52.55,6.546,1166,,
02:52.6,6.546,881,,
02:52.65,6.546,1453,,
02:52.7,6.546,1124,,
02:52.75,6.554,1330,,
02:52.8,6.554,1577,,
02:52.85,6.554,1839,,
02:52.9,6.554,2199,,
02:52.95,6.554,2172,,
02:53.0,6.57,2411,,
02:53.05,6.57,2362,,
02:53.1,6.57,2295,,
02:53.15,6.57,1705,,
02:53.2,6.57,2190,,
02:53.25,6.562,1930,,
02:53.3,6.562,1903,,
02:53.35,6.562,1891,,
02:53.4,6.562,2183,,
02:53.45,6.562,2424,,
02:53.5,6.601,1967,,
02:53.55,6.601,2443,,
02:53.6,6.601,2714,,
02:53.65,6.601,2036,,
02:53.7,6.601,1375,,
02:53.75,6.65,1169,,
02:53.8,6.65,944,,
02:53.85,6.65,695,,
02:53.9,6.65,925,,
02:53.95,6.65,2429,,
02:54.0,6.711,3640,,
02:54.05,6.711,3792,,
02:54.1,6.711,3704,,
02:54.15,6.711,3568,,
02:54.2,6.711,3594,,
02:54.25,6.795,2903,,
02:54.3,6.795,2519,,
02:54.35,6.795,2423,,
02:54.4,6.795,2939,,
02:54.45,6.795,3190,,
02:54.5,6.811,3895,,
02:54.55,6.811,3849,,
02:54.6,6.811,3271,,
02:54.65,6.811,2497,,
02:54.7,6.79,1815,,
02:54.75,6.79,1598,,
02:54.8,6.79,758,,
02:54.85,6.79,1447,,
02:54.9,6.79,1611,,
02:54.95,6.695,1519,,
02:55.0,6.695,1688,,
02:55.05,6.695,1776,,
02:55.1,6.695,1470,,
02:55.15,6.695,1931,,
02:55.2,6.642,1654,,
02:55.25,6.642,1741,,
02:55.3,6.642,1852,,
02:55.35,6.642,2147,,
02:55.4,6.642,2064,,
02:55.45,6.614,1796,,
02:55.5,6.614,1569,,
02:55.55,6.614,1459,,
02:55.6,6.614,2538,,
02:55.65,6.614,2130,,
02:55.7,6.582,1770,,
02:55.75,6.582,1842,,
02:55.8,6.582,1712,,
02:55.85,6.582,1691,,
02:55.9,6.582,1487,,
02:55.95,6.593,1477,,
02:56.0,6.593,1628,,
02:56.05,6.593,1940,,
02:56.1,6.593,2274,,
02:56.15,6.593,2401,,
02:56.2,6.48,2512,,
02:56.25,6.48,2523,,
02:56.3,6.48,2667,,
02:56.35,6.48,2852,,
02:56.4,6.48,2686,,
02:56.45,6.392,3058,,
02:56.5,6.392,2844,,
02:56.55,6.392,2946,,
02:56.6,6.392,2546,,
02:56.65,6.392,2500,,
02:56.7,6.385,2481,,
02:56.75,6.385,2474,,
02:56.8,6.385,2176,,
02:56.85,6.385,2102,,
02:56.9,6.385,1994,,
02:56.95,6.347,1959,,
02:57.0,6.347,2208,,
02:57.05,6.347,2177,,
02:57.1,6.347,2022,,
02:57.15,6.347,1983,,
02:57.2,6.445,2060,,
02:57.25,6.445,2090,,
02:57.3,6.445,2480,,
02:57.35,6.445,2001,,
02:57.4,6.445,1365,,
02:57.45,6.434,895,,
02:57.5,6.434,1170,,
02:57.55,6.434,1341,,
02:57.6,6.434,1366,,
02:57.65,6.336,1552,,
02:57.7,6.336,1518,,
02:57.75,6.336,1752,,
02:57.8,6.336,2651,,
02:57.85,6.336,1888,,
02:57.9,6.289,1698,,
02:57.95,6.289,2006,,
02:58.0,6.289,2548,,
02:58.05,6.289,2274,,
02:58.1,6.289,2484,,
02:58.15,6.256,2128,,
02:58.2,6.256,2407,,
02:58.25,6.256,1991,,
02:58.3,6.256,2191,,
02:58.35,6.256,2033,,
02:58.4,6.359,2004,,
02:58.45,6.359,1967,,
02:58.5,6.359,1987,,
02:58.55,6.359,2279,,
02:58.6,6.359,1923,,
02:58.65,6.511,2229,,
02:58.7,6.511,2006,,
02:58.75,6.511,2300,,
02:58.8,6.511,2534,,
02:58.85,6.511,2027,,
02:58.9,6.682,2181,,
02:58.95,6.682,2064,,
02:59.0,6.682,2342,,
02:59.05,6.682,2163,,
02:59.1,6.682,2101,,
02:59.15,6.744,1721,,
02:59.2,6.744,1855,,
02:59.25,6.744,2115,,
02:59.3,6.744,1909,,
02:59.35,6.744,1829,,
02:59.4,6.728,1909,,
02:59.45,6.728,1936,,
02:59.5,6.728,2011,,
02:59.55,6.728,2243,,
02:59.6,6.728,2505,,
02:59.65,6.695,2418,,
02:59.7,6.695,2220,,
02:59.75,6.695,2282,,
02:59.8,6.695,2484,,
02:59.85,6.695,2194,,
02:59.9,6.65,2556,,
02:59.95,6.65,2332,,
03:00.0,6.65,2431,,
03:00.05 ,6.65,2082,,
03:00.1 ,6.674,1708,,
03:00.15 ,6.674,1779,,
03:00.2 ,6.674,1934,,
03:00.25 ,6.674,2118,,
03:00.3 ,6.674,2285,,
03:00.35 ,6.757,2439,,
03:00.4 ,6.757,2149,,
03:00.45 ,6.757,1929,,
03:00.5 ,6.757,2018,,
03:00.55 ,6.757,2073,,
03:00.6 ,6.82,1948,,
03:00.65 ,6.82,2200,,
03:00.7 ,6.82,2120,,
03:00.75 ,6.82,2247,,
03:00.8 ,6.82,2060,,
03:00.85 ,6.82,1856,,
03:00.9 ,6.82,2033,,
03:00.95 ,6.82,1810,,
03:01 .0,6.82,1851,,
03:01.05 ,6.82,2172,,
03:01.1 ,6.828,2219,,
03:01.15 ,6.828,1784,,
03:01.2 ,6.828,2060,,
03:01.25 ,6.828,1951,,
03:01.3 ,6.828,2216,,
03:01.35 ,6.841,2103,,
03:01.4 ,6.841,2193,,
03:01.45 ,6.841,2269,,
03:01.5 ,6.841,2177,,
03:01.55 ,6.841,2151,,
03:01.6 ,6.871,2656,,
03:01.65 ,6.871,2116,,
03:01.7 ,6.871,1969,,
03:01.75 ,6.871,2249,,
03:01.8 ,6.871,2119,,
03:01.85 ,6.954,2256,,
03:01.9 ,6.954,2120,,
03:01.95 ,6.954,2196,,
03:02 .0,6.954,2489,,
03:02.05 ,6.954,2241,,
03:02.1 ,7.117,2356,,
03:02.15 ,7.117,2317,,
03:02.2 ,7.117,2274,,
03:02.25 ,7.117,2341,,
03:02.3 ,7.117,2152,,
03:02.35 ,7.404,2584,,
03:02.4 ,7.404,2051,,
03:02.45 ,7.404,2125,,
03:02.5 ,7.404,2175,,
03:02.55 ,7.404,2155,,
03:02.6 ,7.566,2419,,
03:02.65 ,7.566,2221,,
03:02.7 ,7.566,1989,,
03:02.75 ,7.566,2077,,
03:02.8 ,7.566,2064,,
03:02.85 ,7.52,2062,,
03:02.9 ,7.52,2209,,
03:02.95 ,7.52,2117,,
03:03 .0,7.52,2139,,
03:03.05 ,7.345,2034,,
03:03.1 ,7.345,1949,,
03:03.15 ,7.345,2033,,
03:03.2 ,7.345,2015,,
03:03.25 ,7.345,2160,,
03:03.3 ,7.084,2316,,
03:03.35 ,7.084,2107,,
03:03.4 ,7.084,1988,,
03:03.45 ,7.084,1971,,
03:03.5 ,7.084,2033,,
03:03.55 ,6.963,2032,,
03:03.6 ,6.963,2049,,
03:03.65 ,6.963,2079,,
03:03.7 ,6.963,2024,,
03:03.75 ,6.963,2167,,
03:03.8 ,7.012,1948,,
03:03.85 ,7.012,1956,,
03:03.9 ,7.012,1956,,
03:03.95 ,7.012,2069,,
03:04 .0,7.012,2077,,
03:04.05 ,7.075,2383,,
03:04.1 ,7.075,2163,,
03:04.15 ,7.075,1981,,
03:04.2 ,7.075,2069,,
03:04.25 ,7.075,1950,,
03:04.3 ,7.071,2004,,
03:04.35 ,7.071,2125,,
03:04.4 ,7.071,2100,,
03:04.45 ,7.071,2076,,
03:04.5 ,7.071,2123,,
03:04.55 ,7.103,2140,,
03:04.6 ,7.103,1881,,
03:04.65 ,7.103,1951,,
03:04.7 ,7.103,2070,,
03:04.75 ,7.103,2114,,
03:04.8 ,7.13,2184,,
03:04.85 ,7.13,2393,,
03:04.9 ,7.13,2214,,
03:04.95 ,7.13,2126,,
03:05 .0,7.13,2066,,
03:05.05 ,7.14,1899,,
03:05.1 ,7.14,2101,,
03:05.15 ,7.14,2093,,
03:05.2 ,7.14,2007,,
03:05.25 ,7.14,2163,,
03:05.3 ,7.163,2162,,
03:05.35 ,7.163,2053,,
03:05.4 ,7.163,2493,,
03:05.45 ,7.163,2029,,
03:05.5 ,7.163,2254,,
03:05.55 ,7.186,2085,,
03:05.6 ,7.186,2231,,
03:05.65 ,7.186,2328,,
03:05.7 ,7.186,2250,,
03:05.75 ,7.177,1959,,
03:05.8 ,7.177,2004,,
03:05.85 ,7.177,2014,,
03:05.9 ,7.177,2199,,
03:05.95 ,7.177,2042,,
03:06 .0,7.071,2134,,
03:06.05 ,7.071,2051,,
03:06.1 ,7.071,2066,,
03:06.15 ,7.071,2543,,
03:06.2 ,7.071,2060,,
03:06.25 ,7.098,2138,,
03:06.3 ,7.098,2207,,
03:06.35 ,7.098,2390,,
03:06.4 ,7.098,2365,,
03:06.45 ,7.098,2017,,
03:06.5 ,7.14,1907,,
03:06.55 ,7.14,2022,,
03:06.6 ,7.14,2050,,
03:06.65 ,7.14,2042,,
03:06.7 ,7.14,1994,,
03:06.75 ,7.14,2106,,
03:06.8 ,7.14,2075,,
03:06.85 ,7.14,1958,,
03:06.9 ,7.14,2118,,
03:06.95 ,7.14,2032,,
03:07 .0,7.234,1892,,
03:07.05 ,7.234,1959,,
03:07.1 ,7.234,2064,,
03:07.15 ,7.234,2371,,
03:07.2 ,7.234,2156,,
03:07.25 ,7.135,1812,,
03:07.3 ,7.135,1910,,
03:07.35 ,7.135,2013,,
03:07.4 ,7.135,1951,,
03:07.45 ,7.135,1948,,
03:07.5 ,7.039,1942,,
03:07.55 ,7.039,2008,,
03:07.6 ,7.039,2037,,
03:07.65 ,7.039,1950,,
03:07.7 ,7.039,2641,,
03:07.75 ,7.008,1981,,
03:07.8 ,7.008,2024,,
03:07.85 ,7.008,2028,,
03:07.9 ,7.008,2261,,
03:07.95 ,7.008,2313,,
03:08 .0,6.99,1909,,
03:08.05 ,6.99,1968,,
03:08.1 ,6.99,1952,,
03:08.15 ,6.99,1941,,
03:08.2 ,6.99,1962,,
03:08.25 ,7.053,1991,,
03:08.3 ,7.053,2005,,
03:08.35 ,7.053,2046,,
03:08.4 ,7.053,1996,,
03:08.45 ,7.084,1978,,
03:08.5 ,7.084,1969,,
03:08.55 ,7.084,2103,,
03:08.6 ,7.084,2024,,
03:08.65 ,7.084,2149,,
03:08.7 ,7.117,2208,,
03:08.75 ,7.117,1912,,
03:08.8 ,7.117,1931,,
03:08.85 ,7.117,1987,,
03:08.9 ,7.117,2005,,
03:08.95 ,7.154,1909,,
03:09 .0,7.154,2060,,
03:09.05 ,7.154,1981,,
03:09.1 ,7.154,1982,,
03:09.15 ,7.154,1693,,
03:09.2 ,7.177,2044,,
03:09.25 ,7.177,2060,,
03:09.3 ,7.177,1921,,
03:09.35 ,7.177,2211,,
03:09.4 ,7.177,2289,,
03:09.45 ,7.219,1718,,
03:09.5 ,7.219,1756,,
03:09.55 ,7.219,1878,,
03:09.6 ,7.219,1963,,
03:09.65 ,7.219,1981,,
03:09.7 ,7.253,1990,,
03:09.75 ,7.253,2014,,
03:09.8 ,7.253,2070,,
03:09.85 ,7.253,2125,,
03:09.9 ,7.253,1907,,
03:09.95 ,7.21,2109,,
03:10.0,7.21,1964,,
03:10.05,7.21,2193,,
03:10.1,7.21,2343,,
03:10.15,7.21,2135,,
03:10.2,7.084,2221,,
03:10.25,7.084,2146,,
03:10.3,7.084,2222,,
03:10.35,7.084,2310,,
03:10.4,7.084,2184,,
03:10.45,6.941,2205,,
03:10.5,6.941,2149,,
03:10.55,6.941,2122,,
03:10.6,6.941,2153,,
03:10.65,6.941,2729,,
03:10.7,6.803,1961,,
03:10.75,6.803,2093,,
03:10.8,6.803,2109,,
03:10.85,6.803,2267,,
03:10.9,6.803,2416,,
03:10.95,6.753,2356,,
03:11.0,6.753,2103,,
03:11.05,6.753,2026,,
03:11.1,6.753,2388,,
03:11.15,6.79,2141,,
03:11.2,6.79,2283,,
03:11.25,6.79,2232,,
03:11.3,6.79,2114,,
03:11.35,6.79,2141,,
03:11.4,6.828,1866,,
03:11.45,6.828,2124,,
03:11.5,6.828,2056,,
03:11.55,6.828,2212,,
03:11.6,6.828,2275,,
03:11.65,6.889,2410,,
03:11.7,6.889,2043,,
03:11.75,6.889,2126,,
03:11.8,6.889,1883,,
03:11.85,6.889,2271,,
03:11.9,6.95,2335,,
03:11.95,6.95,2273,,
03:12.0,6.95,2156,,
03:12.05,6.95,2138,,
03:12.1,6.95,2623,,
03:12.15,6.976,1454,,
03:12.2,6.976,1312,,
03:12.25,6.976,2399,,
03:12.3,6.976,2375,,
03:12.35,6.976,1969,,
03:12.4,7.026,1791,,
03:12.45,7.026,1734,,
03:12.5,7.026,2260,,
03:12.55,7.026,2051,,
03:12.6,7.026,1548,,
03:12.65,7.219,2009,,
03:12.7,7.219,2402,,
03:12.75,7.219,3112,,
03:12.8,7.219,3802,,
03:12.85,7.219,3556,,
03:12.9,7.464,3449,,
03:12.95,7.464,3295,,
03:13.0,7.464,2646,,
03:13.05,7.464,3297,,
03:13.1,7.464,3077,,
03:13.15,7.577,2301,,
03:13.2,7.577,2182,,
03:13.25,7.577,2084,,
03:13.3,7.577,2039,,
03:13.35,7.577,2120,,
03:13.4,7.65,1886,,
03:13.45,7.65,2104,,
03:13.5,7.65,2095,,
03:13.55,7.65,2105,,
03:13.6,7.65,1977,,
03:13.65,7.577,1995,,
03:13.7,7.577,2140,,
03:13.75,7.577,2126,,
03:13.8,7.577,2295,,
03:13.85,7.404,2259,,
03:13.9,7.404,1621,,
03:13.95,7.404,1714,,
03:14.0,7.404,1432,,
03:14.05,7.404,1264,,
03:14.1,7.53,1424,,
03:14.15,7.53,1434,,
03:14.2,7.53,1414,,
03:14.25,7.53,1566,,
03:14.3,7.53,1996,,
03:14.35,7.624,1529,,
03:14.4,7.624,1726,,
03:14.45,7.624,1871,,
03:14.5,7.624,2257,,
03:14.55,7.624,1959,,
03:14.6,7.561,1714,,
03:14.65,7.561,1628,,
03:14.7,7.561,1896,,
03:14.75,7.561,2053,,
03:14.8,7.561,1474,,
03:14.85,7.546,1429,,
03:14.9,7.546,1537,,
03:14.95,7.546,1272,,
03:15.0,7.546,1583,,
03:15.05,7.546,1316,,
03:15.1,7.369,1236,,
03:15.15,7.369,1405,,
03:15.2,7.369,1340,,
03:15.25,7.369,1480,,
03:15.3,7.369,935,,
03:15.35,7.239,1188,,
03:15.4,7.239,1337,,
03:15.45,7.239,1419,,
03:15.5,7.239,1522,,
03:15.55,7.239,1558,,
03:15.6,7.262,1430,,
03:15.65,7.262,1324,,
03:15.7,7.262,1516,,
03:15.75,7.262,2097,,
03:15.8,7.262,1388,,
03:15.85,7.286,1783,,
03:15.9,7.286,1359,,
03:15.95,7.286,1778,,
03:16.0,7.286,1644,,
03:16.05,7.286,1344,,
03:16.1,7.389,1323,,
03:16.15,7.389,1509,,
03:16.2,7.389,1447,,
03:16.25,7.389,1588,,
03:16.3,7.389,1610,,
03:16.35,7.515,1477,,
03:16.4,7.515,1367,,
03:16.45,7.515,489,,
03:16.5,7.515,135,,
03:16.55,7.515,844,,
03:16.6,7.587,1402,,
03:16.65,7.587,1627,,
03:16.7,7.587,2397,,
03:16.75,7.587,2743,,
03:16.8,7.603,2560,,
03:16.85,7.603,2687,,
03:16.9,7.603,2342,,
03:16.95,7.603,2758,,
03:17.0,7.603,2233,,
03:17.05,7.561,2268,,
03:17.1,7.561,2338,,
03:17.15,7.561,1144,,
03:17.2,7.561,1542,,
03:17.25,7.561,2385,,
03:17.3,7.52,2442,,
03:17.35,7.52,2536,,
03:17.4,7.52,2694,,
03:17.45,7.52,2812,,
03:17.5,7.52,2247,,
03:17.55,7.253,1992,,
03:17.6,7.253,1930,,
03:17.65,7.253,1859,,
03:17.7,7.253,2116,,
03:17.75,7.253,2311,,
03:17.8,7.089,1636,,
03:17.85,7.089,1803,,
03:17.9,7.089,2137,,
03:17.95,7.089,2000,,
03:18.0,7.089,1663,,
03:18.05,6.976,1435,,
03:18.1,6.976,1334,,
03:18.15,6.976,1548,,
03:18.2,6.976,1468,,
03:18.25,6.976,2225,,
03:18.3,6.841,2778,,
03:18.35,6.841,3269,,
03:18.4,6.841,3729,,
03:18.45,6.841,3939,,
03:18.5,6.841,3973,,
03:18.55,6.985,3987,,
03:18.6,6.985,3998,,
03:18.65,6.985,3995,,
03:18.7,6.985,3998,,
03:18.75,6.985,3989,,
03:18.8,7.205,3987,,
03:18.85,7.205,3901,,
03:18.9,7.205,1371,,
03:18.95,7.205,1086,,
03:19.0,7.205,533,,
03:19.05,7.355,490,,
03:19.1,7.355,538,,
03:19.15,7.355,665,,
03:19.2,7.355,899,,
03:19.25,7.489,1159,,
03:19.3,7.489,1683,,
03:19.35,7.489,1618,,
03:19.4,7.489,1512,,
03:19.45,7.489,1696,,
03:19.5,7.525,1812,,
03:19.55,7.525,2239,,
03:19.6,7.525,1494,,
03:19.65,7.525,1676,,
03:19.7,7.525,1916,,
03:19.75,7.248,1743,,
03:19.8,7.248,1901,,
03:19.85,7.248,1787,,
03:19.9,7.248,1955,,
03:19.95,7.248,1864,,
03:20.0,6.95,1756,,
03:20.05,6.95,1612,,
03:20.1,6.95,1944,,
03:20.15,6.95,1968,,
03:20.2,6.95,2101,,
03:20.25,6.773,1919,,
03:20.3,6.773,1643,,
03:20.35,6.773,1863,,
03:20.4,6.773,2094,,
03:20.45,6.773,1910,,
03:20.5,6.686,1989,,
03:20.55,6.686,2341,,
03:20.6,6.686,1865,,
03:20.65,6.686,2005,,
03:20.7,6.686,1865,,
03:20.75,6.837,2051,,
03:20.8,6.837,2084,,
03:20.85,6.837,2158,,
03:20.9,6.837,2224,,
03:20.95,6.837,2134,,
03:21.0,7.062,1841,,
03:21.05,7.062,1941,,
03:21.1,7.062,2032,,
03:21.15,7.062,2003,,
03:21.2,7.062,1949,,
03:21.25,7.253,2106,,
03:21.3,7.253,2016,,
03:21.35,7.253,2063,,
03:21.4,7.253,2069,,
03:21.45,7.253,1897,,
03:21.5,7.374,2029,,
03:21.55,7.374,2382,,
03:21.6,7.374,1837,,
03:21.65,7.374,1637,,
03:21.7,7.374,1749,,
03:21.75,7.399,2128,,
03:21.8,7.399,1867,,
03:21.85,7.399,2203,,
03:21.9,7.399,2246,,
03:21.95,7.399,2337,,
03:22.0,7.449,2342,,
03:22.05,7.449,2398,,
03:22.1,7.449,2493,,
03:22.15,7.449,2371,,
03:22.2,7.489,2649,,
03:22.25,7.489,3486,,
03:22.3,7.489,3965,,
03:22.35,7.489,3977,,
03:22.4,7.489,3939,,
03:22.45,7.525,3542,,
03:22.5,7.525,2927,,
03:22.55,7.525,2407,,
03:22.6,7.525,2169,,
03:22.65,7.525,2094,,
03:22.7,7.582,1882,,
03:22.75,7.582,1669,,
03:22.8,7.582,1661,,
03:22.85,7.582,1558,,
03:22.9,7.582,1518,,
03:22.95,7.619,1680,,
03:23.0,7.619,1702,,
03:23.05,7.619,1659,,
03:23.1,7.619,2159,,
03:23.15,7.619,2165,,
03:23.2,7.614,1789,,
03:23.25,7.614,2064,,
03:23.3,7.614,1810,,
03:23.35,7.614,2057,,
03:23.4,7.614,1983,,
03:23.45,7.577,2063,,
03:23.5,7.577,1938,,
03:23.55,7.577,1950,,
03:23.6,7.577,2647,,
03:23.65,7.577,1970,,
03:23.7,7.515,2049,,
03:23.75,7.515,2197,,
03:23.8,7.515,2376,,
03:23.85,7.515,2425,,
03:23.9,7.515,2042,,
03:23.95,7.484,2070,,
03:24.0,7.484,1952,,
03:24.05,7.484,2189,,
03:24.1,7.484,2107,,
03:24.15,7.484,2119,,
03:24.2,7.515,2190,,
03:24.25,7.515,2136,,
03:24.3,7.515,2114,,
03:24.35,7.515,1833,,
03:24.4,7.515,2009,,
03:24.45,7.546,2148,,
03:24.5,7.546,2109,,
03:24.55,7.546,2220,,
03:24.6,7.546,2436,,
03:24.65,7.624,2345,,
03:24.7,7.624,2036,,
03:24.75,7.624,2105,,
03:24.8,7.624,2061,,
03:24.85,7.624,2191,,
03:24.9,7.693,2094,,
03:24.95,7.693,2139,,
03:25.0,7.693,2079,,
03:25.05,7.693,2299,,
03:25.1,7.693,2115,,
03:25.15,7.704,2227,,
03:25.2,7.704,2124,,
03:25.25,7.704,2176,,
03:25.3,7.704,2244,,
03:25.35,7.704,2298,,
03:25.4,7.763,2463,,
03:25.45,7.763,2252,,
03:25.5,7.763,2052,,
03:25.55,7.763,2161,,
03:25.6,7.763,2097,,
03:25.65,7.752,2084,,
03:25.7,7.752,2115,,
03:25.75,7.752,2174,,
03:25.8,7.752,2241,,
03:25.85,7.752,2157,,
03:25.9,7.704,2658,,
03:25.95,7.704,2178,,
03:26.0,7.704,2155,,
03:26.05,7.704,2131,,
03:26.1,7.704,2307,,
03:26.15,7.656,2452,,
03:26.2,7.656,2198,,
03:26.25,7.656,2079,,
03:26.3,7.656,2051,,
03:26.35,7.656,2068,,
03:26.4,7.556,2127,,
03:26.45,7.556,2124,,
03:26.5,7.556,2052,,
03:26.55,7.556,2242,,
03:26.6,7.556,1996,,
03:26.65,7.541,2110,,
03:26.7,7.541,2699,,
03:26.75,7.541,2148,,
03:26.8,7.541,2164,,
03:26.85,7.541,2105,,
03:26.9,7.52,2311,,
03:26.95,7.52,2362,,
03:27.0,7.52,2099,,
03:27.05,7.52,1881,,
03:27.1,7.52,2047,,
03:27.15,7.505,2038,,
03:27.2,7.505,2103,,
03:27.25,7.505,2013,,
03:27.3,7.505,2049,,
03:27.35,7.551,2159,,
03:27.4,7.551,2028,,
03:27.45,7.551,2039,,
03:27.5,7.551,2186,,
03:27.55,7.551,1933,,
03:27.6,7.505,2091,,
03:27.65,7.505,2059,,
03:27.7,7.505,2113,,
03:27.75,7.505,2255,,
03:27.8,7.505,2033,,
03:27.85,7.454,2070,,
03:27.9,7.454,1942,,
03:27.95,7.454,2038,,
03:28.0,7.454,1934,,
03:28.05,7.454,1938,,
03:28.1,7.414,1753,,
03:28.15,7.414,1861,,
03:28.2,7.414,1637,,
03:28.25,7.414,1582,,
03:28.3,7.414,2288,,
03:28.35,7.335,1696,,
03:28.4,7.335,1882,,
03:28.45,7.335,2030,,
03:28.5,7.335,1858,,
03:28.55,7.335,2019,,
03:28.6,7.35,1743,,
03:28.65,7.35,1562,,
03:28.7,7.35,1687,,
03:28.75,7.35,1661,,
03:28.8,7.35,1749,,
03:28.85,7.374,1719,,
03:28.9,7.374,1725,,
03:28.95,7.374,1575,,
03:29.0,7.374,1815,,
03:29.05,7.374,1844,,
03:29.1,7.369,1864,,
03:29.15,7.369,1880,,
03:29.2,7.369,2163,,
03:29.25,7.369,2080,,
03:29.3,7.369,1692,,
03:29.35,7.355,1588,,
03:29.4,7.355,1785,,
03:29.45,7.355,1936,,
03:29.5,7.355,1763,,
03:29.55,7.355,1868,,
03:29.6,7.306,1746,,
03:29.65,7.306,1886,,
03:29.7,7.306,2095,,
03:29.75,7.306,1870,,
03:29.8,7.306,1853,,
03:29.85,7.286,1946,,
03:29.9,7.286,1954,,
03:29.95,7.286,2244,,
03:30.0,7.286,1955,,
03:30.05,7.286,1842,,
03:30.1,7.32,1917,,
03:30.15,7.32,2061,,
03:30.2,7.32,2369,,
03:30.25,7.32,2317,,
03:30.3,7.335,2135,,
03:30.35,7.335,2198,,
03:30.4,7.335,1898,,
03:30.45,7.335,1835,,
03:30.5,7.335,2475,,
03:30.55,7.34,1794,,
03:30.6,7.34,2184,,
03:30.65,7.34,2312,,
03:30.7,7.34,2334,,
03:30.75,7.34,2532,,
03:30.8,7.34,2548,,
03:30.85,7.34,2359,,
03:30.9,7.34,2130,,
03:30.95,7.34,2206,,
03:31.0,7.34,2292,,
03:31.05,7.32,1990,,
03:31.1,7.32,1936,,
03:31.15,7.32,2054,,
03:31.2,7.32,2056,,
03:31.25,7.32,1986,,
03:31.3,7.35,1857,,
03:31.35,7.35,1753,,
03:31.4,7.35,2016,,
03:31.45,7.35,1886,,
03:31.5,7.35,1794,,
03:31.55,7.404,2294,,
03:31.6,7.404,2145,,
03:31.65,7.404,2121,,
03:31.7,7.404,2606,,
03:31.75,7.404,3052,,
03:31.8,7.434,3292,,
03:31.85,7.434,2439,,
03:31.9,7.434,2357,,
03:31.95,7.434,1784,,
03:32.0,7.434,1573,,
03:32.05,7.409,264,,
03:32.1,7.409,15,,
03:32.15,7.409,28,,
03:32.2,7.409,33,,
03:32.25,7.409,30,,
03:32.3,7.364,38,,
03:32.35,7.364,42,,
03:32.4,7.364,43,,
03:32.45,7.364,56,,
03:32.5,7.364,260,,
03:32.55,7.301,621,,
03:32.6,7.301,1009,,
03:32.65,7.301,1692,,
03:32.7,7.301,2020,,
03:32.75,7.262,2212,,
03:32.8,7.262,2912,,
03:32.85,7.262,2489,,
03:32.9,7.262,2547,,
03:32.95,7.262,2258,,
03:33.0,7.277,2305,,
03:33.05,7.277,2290,,
03:33.1,7.277,2343,,
03:33.15,7.277,2049,,
03:33.2,7.277,1914,,
03:33.25,7.306,1904,,
03:33.3,7.306,2114,,
03:33.35,7.306,2042,,
03:33.4,7.306,2085,,
03:33.45,7.306,2092,,
03:33.5,7.33,2207,,
03:33.55,7.33,2116,,
03:33.6,7.33,2117,,
03:33.65,7.33,2108,,
03:33.7,7.33,2537,,
03:33.75,7.35,2013,,
03:33.8,7.35,1985,,
03:33.85,7.35,2160,,
03:33.9,7.35,2246,,
03:33.95,7.35,2488,,
03:34.0,7.369,2449,,
03:34.05,7.369,2025,,
03:34.1,7.369,2232,,
03:34.15,7.369,2347,,
03:34.2,7.369,2309,,
03:34.25,7.369,2263,,
03:34.3,7.369,2297,,
03:34.35,7.369,2300,,
03:34.4,7.369,2318,,
03:34.45,7.369,2694,,
03:34.5,7.35,2361,,
03:34.55,7.35,2147,,
03:34.6,7.35,2044,,
03:34.65,7.35,2125,,
03:34.7,7.35,2309,,
03:34.75,7.34,2483,,
03:34.8,7.34,2493,,
03:34.85,7.34,2448,,
03:34.9,7.34,2233,,
03:34.95,7.34,2182,,
03:35.0,7.33,2001,,
03:35.05,7.33,2304,,
03:35.1,7.33,2307,,
03:35.15,7.33,2165,,
03:35.2,7.33,2240,,
03:35.25,7.306,2258,,
03:35.3,7.306,2136,,
03:35.35,7.306,2128,,
03:35.4,7.306,2469,,
03:35.45,7.306,2182,,
03:35.5,7.253,2017,,
03:35.55,7.253,1963,,
03:35.6,7.253,2042,,
03:35.65,7.253,2286,,
03:35.7,7.219,1951,,
03:35.75,7.219,1805,,
03:35.8,7.219,1756,,
03:35.85,7.219,1489,,
03:35.9,7.219,747,,
03:35.95,7.205,484,,
03:36.0,7.205,710,,
03:36.05,7.205,1094,,
03:36.1,7.205,1142,,
03:36.15,7.205,1677,,
03:36.2,7.21,1586,,
03:36.25,7.21,1848,,
03:36.3,7.21,1586,,
03:36.35,7.21,1873,,
03:36.4,7.21,1729,,
03:36.45,7.248,1689,,
03:36.5,7.248,1628,,
03:36.55,7.248,1796,,
03:36.6,7.248,1758,,
03:36.65,7.248,1799,,
03:36.7,7.267,2052,,
03:36.75,7.267,2112,,
03:36.8,7.267,2080,,
03:36.85,7.267,2245,,
03:36.9,7.267,2456,,
03:36.95,7.306,2423,,
03:37.0,7.306,2238,,
03:37.05,7.306,2272,,
03:37.1,7.306,1940,,
03:37.15,7.306,2155,,
03:37.2,7.335,2516,,
03:37.25,7.335,2280,,
03:37.3,7.335,2015,,
03:37.35,7.335,1990,,
03:37.4,7.335,2208,,
03:37.45,7.359,2001,,
03:37.5,7.359,2147,,
03:37.55,7.359,2085,,
03:37.6,7.359,2189,,
03:37.65,7.359,2252,,
03:37.7,7.369,2707,,
03:37.75,7.369,1913,,
03:37.8,7.369,2286,,
03:37.85,7.369,2398,,
03:37.9,7.369,2222,,
03:37.95,7.325,1008,,
03:38.0,7.325,1356,,
03:38.05,7.325,553,,
03:38.1,7.325,361,,
03:38.15,7.291,291,,
03:38.2,7.291,427,,
03:38.25,7.291,1275,,
03:38.3,7.291,3967,,
03:38.35,7.291,3966,,
03:38.4,7.311,3993,,
03:38.45,7.311,4005,,
03:38.5,7.311,4003,,
03:38.55,7.311,4008,,
03:38.6,7.311,4015,,
03:38.65,7.154,4008,,
03:38.7,7.154,4009,,
03:38.75,7.154,4002,,
03:38.8,7.154,4006,,
03:38.85,7.154,3934,,
03:38.9,7.048,883,,
03:38.95,7.048,18,,
03:39.0,7.048,17,,
03:39.05,7.048,17,,
03:39.1,7.048,2,,
03:39.15,7.03,13,,
03:39.2,7.03,20,,
03:39.25,7.03,21,,
03:39.3,7.03,21,,
03:39.35,7.03,27,,
03:39.4,6.967,38,,
03:39.45,6.967,33,,
03:39.5,6.967,606,,
03:39.55,6.967,631,,
03:39.6,6.967,2807,,
03:39.65,7.14,3952,,
03:39.7,7.14,3979,,
03:39.75,7.14,3981,,
03:39.8,7.14,3970,,
03:39.85,7.14,3940,,
03:39.9,7.484,3968,,
03:39.95,7.484,3974,,
03:40.0,7.484,3972,,
03:40.05,7.484,3848,,
03:40.1,7.484,3020,,
03:40.15,7.53,3154,,
03:40.2,7.53,3376,,
03:40.25,7.53,3311,,
03:40.3,7.53,2790,,
03:40.35,7.53,2606,,
03:40.4,7.454,2467,,
03:40.45,7.454,2608,,
03:40.5,7.454,2719,,
03:40.55,7.454,2266,,
03:40.6,7.454,1659,,
03:40.65,7.434,1966,,
03:40.7,7.434,2207,,
03:40.75,7.434,1470,,
03:40.8,7.434,2100,,
03:40.85,7.434,1777,,
03:40.9,7.253,1291,,
03:40.95,7.253,1692,,
03:41.0,7.253,2466,,
03:41.05,7.253,1825,,
03:41.1,7.196,1761,,
03:41.15,7.196,1792,,
03:41.2,7.196,1840,,
03:41.25,7.196,2145,,
03:41.3,7.196,2063,,
03:41.35,7.301,1946,,
03:41.4,7.301,1874,,
03:41.45,7.301,1999,,
03:41.5,7.301,2329,,
03:41.55,7.301,2115,,
03:41.6,7.33,2069,,
03:41.65,7.33,2048,,
03:41.7,7.33,2085,,
03:41.75,7.33,2032,,
03:41.8,7.33,1938,,
03:41.85,7.474,1904,,
03:41.9,7.474,2050,,
03:41.95,7.474,2512,,
03:42.0,7.474,2000,,
03:42.05,7.474,2035,,
03:42.1,7.624,1988,,
03:42.15,7.624,1607,,
03:42.2,7.624,2070,,
03:42.25,7.624,1867,,
03:42.3,7.624,2071,,
03:42.35,7.561,2053,,
03:42.4,7.561,2082,,
03:42.45,7.561,1744,,
03:42.5,7.561,2016,,
03:42.55,7.561,2104,,
03:42.6,7.541,2188,,
03:42.65,7.541,2558,,
03:42.7,7.541,2459,,
03:42.75,7.541,2354,,
03:42.8,7.541,2202,,
03:42.85,7.424,2301,,
03:42.9,7.424,1978,,
03:42.95,7.424,2319,,
03:43.0,7.424,2045,,
03:43.05,7.424,2060,,
03:43.1,7.459,2035,,
03:43.15,7.459,2053,,
03:43.2,7.459,1920,,
03:43.25,7.459,1955,,
03:43.3,7.459,1884,,
03:43.35,7.661,2068,,
03:43.4,7.661,2157,,
03:43.45,7.661,2114,,
03:43.5,7.661,2478,,
03:43.55,7.661,2027,,
03:43.6,7.774,1920,,
03:43.65,7.774,2060,,
03:43.7,7.774,1995,,
03:43.75,7.774,1971,,
03:43.8,7.868,2074,,
03:43.85,7.868,1794,,
03:43.9,7.868,2151,,
03:43.95,7.868,2327,,
03:44.0,7.868,2111,,
03:44.05,7.879,2338,,
03:44.1,7.879,2211,,
03:44.15,7.879,2027,,
03:44.2,7.879,2001,,
03:44.25,7.879,2351,,
03:44.3,7.891,2755,,
03:44.35,7.891,2090,,
03:44.4,7.891,2247,,
03:44.45,7.891,2509,,
03:44.5,7.891,2162,,
03:44.55,7.919,2299,,
03:44.6,7.919,2611,,
03:44.65,7.919,2414,,
03:44.7,7.919,2203,,
03:44.75,7.919,2227,,
03:44.8,7.924,2329,,
03:44.85,7.924,2204,,
03:44.9,7.924,2027,,
03:44.95,7.924,2389,,
03:45.0,7.924,2246,,
03:45.05,8.005,2654,,
03:45.1,8.005,2600,,
03:45.15,8.005,2384,,
03:45.2,8.005,2624,,
03:45.25,8.005,3065,,
03:45.3,8.175,3376,,
03:45.35,8.175,3145,,
03:45.4,8.175,2877,,
03:45.45,8.175,2910,,
03:45.5,8.175,2686,,
03:45.55,8.455,2554,,
03:45.6,8.455,2707,,
03:45.65,8.455,2791,,
03:45.7,8.455,2213,,
03:45.75,8.455,2306,,
03:45.8,8.559,2281,,
03:45.85,8.559,2236,,
03:45.9,8.559,2427,,
03:45.95,8.559,1798,,
03:46.0,8.559,1928,,
03:46.05,8.398,2222,,
03:46.1,8.398,1954,,
03:46.15,8.398,2311,,
03:46.2,8.398,2073,,
03:46.25,8.398,2381,,
03:46.3,8.028,2292,,
03:46.35,8.028,1998,,
03:46.4,8.028,2519,,
03:46.45,8.028,2074,,
03:46.5,7.688,1925,,
03:46.55,7.688,2051,,
03:46.6,7.688,2379,,
03:46.65,7.688,2675,,
03:46.7,7.688,2248,,
03:46.75,7.577,2325,,
03:46.8,7.577,2304,,
03:46.85,7.577,2528,,
03:46.9,7.577,2590,,
03:46.95,7.577,2425,,
03:47.0,7.656,2492,,
03:47.05,7.656,3891,,
03:47.1,7.656,4001,,
03:47.15,7.656,3958,,
03:47.2,7.656,3922,,
03:47.25,7.802,3936,,
03:47.3,7.802,3677,,
03:47.35,7.802,2339,,
03:47.4,7.802,55,,
03:47.45,7.802,24,,
03:47.5,7.891,36,,
03:47.55,7.891,26,,
03:47.6,7.891,34,,
03:47.65,7.891,35,,
03:47.7,7.891,30,,
03:47.75,7.97,31,,
03:47.8,7.97,46,,
03:47.85,7.97,41,,
03:47.9,7.97,47,,
03:47.95,7.97,62,,
03:48.0,7.953,75,,
03:48.05,7.953,320,,
03:48.1,7.953,631,,
03:48.15,7.953,1157,,
03:48.2,7.953,1305,,
03:48.25,7.885,2016,,
03:48.3,7.885,1967,,
03:48.35,7.885,2006,,
03:48.4,7.885,2113,,
03:48.45,7.885,2431,,
03:48.5,7.725,2492,,
03:48.55,7.725,2510,,
03:48.6,7.725,2949,,
03:48.65,7.725,2688,,
03:48.7,7.725,2579,,
03:48.75,7.593,2980,,
03:48.8,7.593,2547,,
03:48.85,7.593,2743,,
03:48.9,7.593,2707,,
03:48.95,7.593,2939,,
03:49.0,7.541,3029,,
03:49.05,7.541,2557,,
03:49.1,7.541,2247,,
03:49.15,7.541,2115,,
03:49.2,7.525,2013,,
03:49.25,7.525,2125,,
03:49.3,7.525,2110,,
03:49.35,7.525,2268,,
03:49.4,7.525,1981,,
03:49.45,7.551,2298,,
03:49.5,7.551,2077,,
03:49.55,7.551,2039,,
03:49.6,7.551,2068,,
03:49.65,7.551,2062,,
03:49.7,7.53,2028,,
03:49.75,7.53,2184,,
03:49.8,7.53,1869,,
03:49.85,7.53,1547,,
03:49.9,7.53,1832,,
03:49.95,7.53,1667,,
03:50.0,7.53,1806,,
03:50.05,7.53,1627,,
03:50.1,7.53,1760,,
03:50.15,7.53,1607,,
03:50.2,7.666,499,,
03:50.25,7.666,27,,
03:50.3,7.666,24,,
03:50.35,7.666,23,,
03:50.4,7.666,22,,
03:50.45,7.78,20,,
03:50.5,7.78,25,,
03:50.55,7.78,26,,
03:50.6,7.78,47,,
03:50.65,7.78,39,,
03:50.7,7.763,62,,
03:50.75,7.763,394,,
03:50.8,7.763,757,,
03:50.85,7.763,1580,,
03:50.9,7.763,1884,,
03:50.95,7.693,2394,,
03:51.0,7.693,2337,,
03:51.05,7.693,2508,,
03:51.1,7.693,2353,,
03:51.15,7.693,2241,,
03:51.2,7.561,2056,,
03:51.25,7.561,2341,,
03:51.3,7.561,2380,,
03:51.35,7.561,2604,,
03:51.4,7.561,2718,,
03:51.45,7.474,2643,,
03:51.5,7.474,2332,,
03:51.55,7.474,2336,,
03:51.6,7.474,2300,,
03:51.65,7.474,2288,,
03:51.7,7.52,2330,,
03:51.75,7.52,2242,,
03:51.8,7.52,2405,,
03:51.85,7.52,2342,,
03:51.9,7.65,2261,,
03:51.95,7.65,2671,,
03:52.0,7.65,2197,,
03:52.05,7.65,2372,,
03:52.1,7.65,2361,,
03:52.15,7.763,2444,,
03:52.2,7.763,2707,,
03:52.25,7.763,2269,,
03:52.3,7.763,2110,,
03:52.35,7.763,2163,,
03:52.4,7.829,2212,,
03:52.45,7.829,2267,,
03:52.5,7.829,2225,,
03:52.55,7.829,2261,,
03:52.6,7.829,2224,,
03:52.65,7.802,2277,,
03:52.7,7.802,2280,,
03:52.75,7.802,2231,,
03:52.8,7.802,2680,,
03:52.85,7.802,2231,,
03:52.9,7.693,2205,,
03:52.95,7.693,2267,,
03:53.0,7.693,2350,,
03:53.05,7.693,2557,,
03:53.1,7.693,2255,,
03:53.15,7.587,2103,,
03:53.2,7.587,2063,,
03:53.25,7.587,2058,,
03:53.3,7.587,2115,,
03:53.35,7.587,2181,,
03:53.4,7.474,2433,,
03:53.45,7.474,2365,,
03:53.5,7.474,2293,,
03:53.55,7.474,2281,,
03:53.6,7.474,2355,,
03:53.65,7.364,2240,,
03:53.7,7.364,2998,,
03:53.75,7.364,2016,,
03:53.8,7.364,2228,,
03:53.85,7.364,2259,,
03:53.9,7.33,2329,,
03:53.95,7.33,2481,,
03:54.0,7.33,2069,,
03:54.05,7.33,1980,,
03:54.1,7.33,1939,,
03:54.15,7.355,2299,,
03:54.2,7.355,2170,,
03:54.25,7.355,2460,,
03:54.3,7.355,1898,,
03:54.35,7.355,2043,,
03:54.4,7.449,1626,,
03:54.45,7.449,1883,,
03:54.5,7.449,2472,,
03:54.55,7.449,2027,,
03:54.6,7.449,2409,,
03:54.65,7.53,2714,,
03:54.7,7.53,3054,,
03:54.75,7.53,3267,,
03:54.8,7.53,3134,,
03:54.85,7.525,3077,,
03:54.9,7.525,3552,,
03:54.95,7.525,3757,,
03:55.0,7.525,3877,,
03:55.05,7.525,3916,,
03:55.1,7.505,3947,,
03:55.15,7.505,3951,,
03:55.2,7.505,3959,,
03:55.25,7.505,3965,,
03:55.3,7.505,3980,,
03:55.35,7.459,3989,,
03:55.4,7.459,3988,,
03:55.45,7.459,3991,,
03:55.5,7.459,3972,,
03:55.55,7.459,3990,,
03:55.6,7.469,3968,,
03:55.65,7.469,3982,,
03:55.7,7.469,3951,,
03:55.75,7.469,3991,,
03:55.8,7.469,3979,,
03:55.85,7.546,3983,,
03:55.9,7.546,3971,,
03:55.95,7.546,3940,,
03:56.0,7.546,3603,,
03:56.05,7.546,2013,,
03:56.1,7.572,304,,
03:56.15,7.572,34,,
03:56.2,7.572,35,,
03:56.25,7.572,29,,
03:56.3,7.572,30,,
03:56.35,7.551,29,,
03:56.4,7.551,40,,
03:56.45,7.551,36,,
03:56.5,7.551,42,,
03:56.55,7.551,48,,
03:56.6,7.429,62,,
03:56.65,7.429,459,,
03:56.7,7.429,646,,
03:56.75,7.429,1068,,
03:56.8,7.429,1069,,
03:56.85,7.296,1275,,
03:56.9,7.296,1307,,
03:56.95,7.296,1865,,
03:57.0,7.296,1556,,
03:57.05,7.296,1684,,
03:57.1,7.177,1717,,
03:57.15,7.177,2313,,
03:57.2,7.177,2020,,
03:57.25,7.177,1820,,
03:57.3,7.13,1757,,
03:57.35,7.13,1994,,
03:57.4,7.13,2076,,
03:57.45,7.13,2097,,
03:57.5,7.13,1949,,
03:57.55,7.186,1970,,
03:57.6,7.186,1999,,
03:57.65,7.186,1820,,
03:57.7,7.186,1801,,
03:57.75,7.186,1746,,
03:57.8,7.219,1810,,
03:57.85,7.219,1878,,
03:57.9,7.219,1862,,
03:57.95,7.219,2134,,
03:58.0,7.219,2069,,
03:58.05,7.248,1663,,
03:58.1,7.248,1706,,
03:58.15,7.248,1870,,
03:58.2,7.248,1769,,
03:58.25,7.248,1862,,
03:58.3,7.258,1810,,
03:58.35,7.258,1890,,
03:58.4,7.258,1808,,
03:58.45,7.258,1930,,
03:58.5,7.258,1802,,
03:58.55,7.272,1839,,
03:58.6,7.272,2315,,
03:58.65,7.272,1802,,
03:58.7,7.272,1899,,
03:58.75,7.272,1981,,
03:58.8,7.282,2057,,
03:58.85,7.282,2293,,
03:58.9,7.282,1921,,
03:58.95,7.282,1845,,
03:59.0,7.282,1838,,
03:59.05,7.253,1883,,
03:59.1,7.253,1940,,
03:59.15,7.253,1967,,
03:59.2,7.253,2050,,
03:59.25,7.253,2002,,
03:59.3,7.243,2048,,
03:59.35,7.243,2108,,
03:59.4,7.243,2098,,
03:59.45,7.243,2070,,
03:59.5,7.243,2014,,
03:59.55,7.239,1843,,
03:59.6,7.239,2030,,
03:59.65,7.239,2044,,
03:59.7,7.239,2116,,
03:59.75,7.239,2263,,
03:59.8,7.258,2319,,
03:59.85,7.258,2055,,
03:59.9,7.258,2049,,
03:59.95,7.258,1952,,
04:00.0,7.258,1959,,
04:00.05 ,7.277,2022,,
04:00.1 ,7.277,2101,,
04:00.15 ,7.277,2148,,
04:00.2 ,7.277,2129,,
04:00.25 ,7.301,2087,,
04:00.3 ,7.301,1878,,
04:00.35 ,7.301,2002,,
04:00.4 ,7.301,1795,,
04:00.45 ,7.301,1988,,
04:00.5 ,7.311,1884,,
04:00.55 ,7.311,1931,,
04:00.6 ,7.311,2233,,
04:00.65 ,7.311,1976,,
04:00.7 ,7.311,1802,,
04:00.75 ,7.291,1863,,
04:00.8 ,7.291,1885,,
04:00.85 ,7.291,1951,,
04:00.9 ,7.291,2017,,
04:00.95 ,7.291,2032,,
04:01 .0,7.306,2084,,
04:01.05 ,7.306,2135,,
04:01.1 ,7.306,2218,,
04:01.15 ,7.306,2174,,
04:01.2 ,7.306,2040,,
04:01.25 ,7.306,2455,,
04:01.3 ,7.306,1972,,
04:01.35 ,7.306,2092,,
04:01.4 ,7.306,2003,,
04:01.45 ,7.306,2039,,
04:01.5 ,7.34,2192,,
04:01.55 ,7.34,1967,,
04:01.6 ,7.34,1843,,
04:01.65 ,7.34,1783,,
04:01.7 ,7.34,1845,,
04:01.75 ,7.379,1831,,
04:01.8 ,7.379,1859,,
04:01.85 ,7.379,1907,,
04:01.9 ,7.379,1845,,
04:01.95 ,7.379,1910,,
04:02 .0,7.374,2026,,
04:02.05 ,7.374,2053,,
04:02.1 ,7.374,2085,,
04:02.15 ,7.374,2064,,
04:02.2 ,7.374,1824,,
04:02.25 ,7.384,2089,,
04:02.3 ,7.384,2157,,
04:02.35 ,7.384,2171,,
04:02.4 ,7.384,2375,,
04:02.45 ,7.384,2449,,
04:02.5 ,7.399,2068,,
04:02.55 ,7.399,2049,,
04:02.6 ,7.399,2119,,
04:02.65 ,7.399,2124,,
04:02.7 ,7.439,2063,,
04:02.75 ,7.439,2078,,
04:02.8 ,7.439,2122,,
04:02.85 ,7.439,2164,,
04:02.9 ,7.439,2051,,
04:02.95 ,7.384,2114,,
04:03 .0,7.384,2410,,
04:03.05 ,7.384,2031,,
04:03.1 ,7.384,2069,,
04:03.15 ,7.384,2019,,
04:03.2 ,7.34,2180,,
04:03.25 ,7.34,2302,,
04:03.3 ,7.34,1826,,
04:03.35 ,7.34,1895,,
04:03.4 ,7.34,1910,,
04:03.45 ,7.277,1957,,
04:03.5 ,7.277,1926,,
04:03.55 ,7.277,1916,,
04:03.6 ,7.277,1988,,
04:03.65 ,7.277,1978,,
04:03.7 ,7.172,2096,,
04:03.75 ,7.172,2000,,
04:03.8 ,7.172,2621,,
04:03.85 ,7.172,2090,,
04:03.9 ,7.172,2139,,
04:03.95 ,7.21,2052,,
04:04 .0,7.21,2347,,
04:04.05 ,7.21,2304,,
04:04.1 ,7.21,1982,,
04:04.15 ,7.21,2001,,
04:04.2 ,7.205,2002,,
04:04.25 ,7.205,1992,,
04:04.3 ,7.205,2184,,
04:04.35 ,7.205,1957,,
04:04.4 ,7.205,2054,,
04:04.45 ,7.196,2147,,
04:04.5 ,7.196,2097,,
04:04.55 ,7.196,1992,,
04:04.6 ,7.196,1849,,
04:04.65 ,7.196,2166,,
04:04.7 ,7.144,1870,,
04:04.75 ,7.144,2050,,
04:04.8 ,7.144,2005,,
04:04.85 ,7.144,2245,,
04:04.9 ,7.144,2266,,
04:04.95 ,7.098,1992,,
04:05 .0,7.098,1956,,
04:05.05 ,7.098,1889,,
04:05.1 ,7.098,1559,,
04:05.15 ,7.098,1787,,
04:05.2 ,7.098,1743,,
04:05.25 ,7.098,1348,,
04:05.3 ,7.098,1498,,
04:05.35 ,7.098,1635,,
04:05.4 ,7.098,1434,,
04:05.45 ,7.071,1552,,
04:05.5 ,7.071,1518,,
04:05.55 ,7.071,1489,,
04:05.6 ,7.071,1621,,
04:05.65 ,7.098,1760,,
04:05.7 ,7.098,1762,,
04:05.75 ,7.098,2013,,
04:05.8 ,7.098,1701,,
04:05.85 ,7.098,1577,,
04:05.9 ,7.035,1689,,
04:05.95 ,7.035,1800,,
04:06 .0,7.035,1734,,
04:06.05 ,7.035,1770,,
04:06.1 ,7.035,1910,,
04:06.15 ,6.923,2036,,
04:06.2 ,6.923,1814,,
04:06.25 ,6.923,2244,,
04:06.3 ,6.923,1774,,
04:06.35 ,6.923,1836,,
04:06.4 ,6.863,2029,,
04:06.45 ,6.863,2127,,
04:06.5 ,6.863,2255,,
04:06.55 ,6.863,1921,,
04:06.6 ,6.863,1879,,
04:06.65 ,6.833,1716,,
04:06.7 ,6.833,1855,,
04:06.75 ,6.833,1918,,
04:06.8 ,6.833,1967,,
04:06.85 ,6.833,2030,,
04:06.9 ,6.88,2191,,
04:06.95 ,6.88,2349,,
04:07 .0,6.88,2008,,
04:07.05 ,6.88,2418,,
04:07.1 ,6.88,2084,,
04:07.15 ,6.95,2373,,
04:07.2 ,6.95,2223,,
04:07.25 ,6.95,2198,,
04:07.3 ,6.95,2471,,
04:07.35 ,6.95,2439,,
04:07.4 ,6.976,1894,,
04:07.45 ,6.976,1948,,
04:07.5 ,6.976,1768,,
04:07.55 ,6.976,2021,,
04:07.6 ,6.976,2068,,
04:07.65 ,6.972,2113,,
04:07.7 ,6.972,1956,,
04:07.75 ,6.972,2514,,
04:07.8 ,6.972,2199,,
04:07.85 ,6.972,2228,,
04:07.9 ,6.972,2284,,
04:07.95 ,6.972,2910,,
04:08 .0,6.972,2244,,
04:08.05 ,6.972,2093,,
04:08.1 ,6.963,2222,,
04:08.15 ,6.963,2348,,
04:08.2 ,6.963,2429,,
04:08.25 ,6.963,1988,,
04:08.3 ,6.963,1788,,
04:08.35 ,6.932,2180,,
04:08.4 ,6.932,2021,,
04:08.45 ,6.932,1965,,
04:08.5 ,6.932,2249,,
04:08.55 ,6.932,2251,,
04:08.6 ,6.915,2003,,
04:08.65 ,6.915,2054,,
04:08.7 ,6.915,1968,,
04:08.75 ,6.915,2716,,
04:08.8 ,6.915,1964,,
04:08.85 ,6.88,1798,,
04:08.9 ,6.88,1911,,
04:08.95 ,6.88,2095,,
04:09 .0,6.88,2087,,
04:09.05 ,6.88,1752,,
04:09.1 ,6.854,1610,,
04:09.15 ,6.854,1711,,
04:09.2 ,6.854,1858,,
04:09.25 ,6.854,1883,,
04:09.3 ,6.854,1762,,
04:09.35 ,6.841,1833,,
04:09.4 ,6.841,2032,,
04:09.45 ,6.841,1808,,
04:09.5 ,6.841,1880,,
04:09.55 ,6.841,2576,,
04:09.6 ,6.824,1766,,
04:09.65 ,6.824,1940,,
04:09.7 ,6.824,1911,,
04:09.75 ,6.824,2163,,
04:09.8 ,6.824,2224,,
04:09.85 ,6.854,1915,,
04:09.9 ,6.854,1950,,
04:09.95 ,6.854,1896,,
04:10.0,6.854,2164,,
04:10.05,6.854,1815,,
04:10.1,6.876,2148,,
04:10.15,6.876,1931,,
04:10.2,6.876,1885,,
04:10.25,6.876,1839,,
04:10.3,6.876,1953,,
04:10.35,6.99,1920,,
04:10.4,6.99,2020,,
04:10.45,6.99,2085,,
04:10.5,6.99,2145,,
04:10.55,6.99,2023,,
04:10.6,7.043,2166,,
04:10.65,7.043,2249,,
04:10.7,7.043,2174,,
04:10.75,7.043,1978,,
04:10.8,7.043,2125,,
04:10.85,7.048,2154,,
04:10.9,7.048,2240,,
04:10.95,7.048,2307,,
04:11.0,7.048,2290,,
04:11.05,7.08,2382,,
04:11.1,7.08,2359,,
04:11.15,7.08,2075,,
04:11.2,7.08,2277,,
04:11.25,7.08,1811,,
04:11.3,6.972,1813,,
04:11.35,6.972,1724,,
04:11.4,6.972,1985,,
04:11.45,6.972,2158,,
04:11.5,6.972,2047,,
04:11.55,6.954,2191,,
04:11.6,6.954,1910,,
04:11.65,6.954,2159,,
04:11.7,6.954,2166,,
04:11.75,6.954,2161,,
04:11.8,6.954,2383,,
04:11.85,6.954,1964,,
04:11.9,6.954,2301,,
04:11.95,6.954,2881,,
04:12.0,6.954,2084,,
04:12.05,6.897,1978,,
04:12.1,6.897,2235,,
04:12.15,6.897,2363,,
04:12.2,6.897,2643,,
04:12.25,6.897,1990,,
04:12.3,6.928,2420,,
04:12.35,6.928,2062,,
04:12.4,6.928,2454,,
04:12.45,6.928,2427,,
04:12.5,6.928,2340,,
04:12.55,6.945,2404,,
04:12.6,6.945,2238,,
04:12.65,6.945,2213,,
04:12.7,6.945,2176,,
04:12.75,6.945,1734,,
04:12.8,6.915,2025,,
04:12.85,6.915,2252,,
04:12.9,6.915,2101,,
04:12.95,6.915,2216,,
04:13.0,6.915,2390,,
04:13.05,6.876,2062,,
04:13.1,6.876,1892,,
04:13.15,6.876,2062,,
04:13.2,6.876,1909,,
04:13.25,6.876,2029,,
04:13.3,6.773,1809,,
04:13.35,6.773,1889,,
04:13.4,6.773,1953,,
04:13.45,6.773,1823,,
04:13.5,6.773,1793,,
04:13.55,6.646,1937,,
04:13.6,6.646,2317,,
04:13.65,6.646,2086,,
04:13.7,6.646,2139,,
04:13.75,6.606,2128,,
04:13.8,6.606,2287,,
04:13.85,6.606,2392,,
04:13.9,6.606,1944,,
04:13.95,6.606,2128,,
04:14.0,6.736,2073,,
04:14.05,6.736,1977,,
04:14.1,6.736,2128,,
04:14.15,6.736,1940,,
04:14.2,6.736,2047,,
04:14.25,6.811,1982,,
04:14.3,6.811,1993,,
04:14.35,6.811,1971,,
04:14.4,6.811,1741,,
04:14.45,6.811,2014,,
04:14.5,6.937,2107,,
04:14.55,6.937,2103,,
04:14.6,6.937,2386,,
04:14.65,6.937,2179,,
04:14.7,6.937,2036,,
04:14.75,6.915,1934,,
04:14.8,6.915,2063,,
04:14.85,6.915,2099,,
04:14.9,6.915,1974,,
04:14.95,6.915,2255,,
04:15.0,6.761,2092,,
04:15.05,6.761,2319,,
04:15.1,6.761,2062,,
04:15.15,6.761,1871,,
04:15.2,6.761,2272,,
04:15.25,6.715,2214,,
04:15.3,6.715,2419,,
04:15.35,6.715,2782,,
04:15.4,6.715,2464,,
04:15.45,6.715,2245,,
04:15.5,6.695,2163,,
04:15.55,6.695,2323,,
04:15.6,6.695,2922,,
04:15.65,6.695,3137,,
04:15.7,6.695,3366,,
04:15.75,6.769,2951,,
04:15.8,6.769,2605,,
04:15.85,6.769,2294,,
04:15.9,6.769,2738,,
04:15.95,6.769,2286,,
04:16.0,6.863,2235,,
04:16.05,6.863,2421,,
04:16.1,6.863,2358,,
04:16.15,6.863,2561,,
04:16.2,6.863,2101,,
04:16.25,7.003,1891,,
04:16.3,7.003,1724,,
04:16.35,7.003,2097,,
04:16.4,7.003,1978,,
04:16.45,7.229,1988,,
04:16.5,7.229,2158,,
04:16.55,7.229,1923,,
04:16.6,7.229,1990,,
04:16.65,7.229,2432,,
04:16.7,7.224,1966,,
04:16.75,7.224,1862,,
04:16.8,7.224,1968,,
04:16.85,7.224,2070,,
04:16.9,7.224,2343,,
04:16.95,7.168,1784,,
04:17.0,7.168,1826,,
04:17.05,7.168,1845,,
04:17.1,7.168,1876,,
04:17.15,7.168,1876,,
04:17.2,7.066,1882,,
04:17.25,7.066,1813,,
04:17.3,7.066,1993,,
04:17.35,7.066,1830,,
04:17.4,7.066,2046,,
04:17.45,6.871,2203,,
04:17.5,6.871,2458,,
04:17.55,6.871,2564,,
04:17.6,6.871,2600,,
04:17.65,6.871,2248,,
04:17.7,6.876,2207,,
04:17.75,6.876,2107,,
04:17.8,6.876,2208,,
04:17.85,6.876,2329,,
04:17.9,6.876,2236,,
04:17.95,6.919,2232,,
04:18.0,6.919,2078,,
04:18.05,6.919,2472,,
04:18.1,6.919,2065,,
04:18.15,6.919,2050,,
04:18.2,6.945,2067,,
04:18.25,6.945,2222,,
04:18.3,6.945,2540,,
04:18.35,6.945,2199,,
04:18.4,6.945,2149,,
04:18.45,6.954,2198,,
04:18.5,6.954,2312,,
04:18.55,6.954,2260,,
04:18.6,6.954,2109,,
04:18.65,6.954,2216,,
04:18.7,7.008,2186,,
04:18.75,7.008,2142,,
04:18.8,7.008,2102,,
04:18.85,7.008,2037,,
04:18.9,7.008,2404,,
04:18.95,7.048,2149,,
04:19.0,7.048,2544,,
04:19.05,7.048,2649,,
04:19.1,7.048,2697,,
04:19.15,7.062,2374,,
04:19.2,7.062,2499,,
04:19.25,7.062,2381,,
04:19.3,7.062,2627,,
04:19.35,7.062,2550,,
04:19.4,7.107,3233,,
04:19.45,7.107,2636,,
04:19.5,7.107,3002,,
04:19.55,7.107,3784,,
04:19.6,7.107,2681,,
04:19.65,7.112,2699,,
04:19.7,7.112,3059,,
04:19.75,7.112,3187,,
04:19.8,7.112,3459,,
04:19.85,7.112,2910,,
04:19.9,7.03,2599,,
04:19.95,7.03,2789,,
04:20.0,7.03,2492,,
04:20.05,7.03,2389,,
04:20.1,7.03,2556,,
04:20.15,6.906,2379,,
04:20.2,6.906,2773,,
04:20.25,6.906,3979,,
04:20.3,6.906,3944,,
04:20.35,6.906,3884,,
04:20.4,6.761,3508,,
04:20.45,6.761,2749,,
04:20.5,6.761,3020,,
04:20.55,6.761,2383,,
04:20.6,6.761,2229,,
04:20.65,6.744,1914,,
04:20.7,6.744,1457,,
04:20.75,6.744,1509,,
04:20.8,6.744,1873,,
04:20.85,6.744,1657,,
04:20.9,6.854,1456,,
04:20.95,6.854,1783,,
04:21.0,6.854,2531,,
04:21.05,6.854,1669,,
04:21.1,6.854,1847,,
04:21.15,6.963,2062,,
04:21.2,6.963,1933,,
04:21.25,6.963,2166,,
04:21.3,6.963,1743,,
04:21.35,6.963,1752,,
04:21.4,7.135,1615,,
04:21.45,7.135,1763,,
04:21.5,7.135,1757,,
04:21.55,7.135,2049,,
04:21.6,7.135,2288,,
04:21.65,7.224,2300,,
04:21.7,7.224,2429,,
04:21.75,7.224,1866,,
04:21.8,7.224,1665,,
04:21.85,7.291,1695,,
04:21.9,7.291,1738,,
04:21.95,7.291,1606,,
04:22.0,7.291,1923,,
04:22.05,7.291,1600,,
04:22.1,7.535,1507,,
04:22.15,7.535,2028,,
04:22.2,7.535,1292,,
04:22.25,7.535,1173,,
04:22.3,7.535,1391,,
04:22.35,7.824,699,,
04:22.4,7.824,644,,
04:22.45,7.824,767,,
04:22.5,7.824,1768,,
04:22.55,7.824,1325,,
04:22.6,8.069,3981,,
04:22.65,8.069,3952,,
04:22.7,8.069,3958,,
04:22.75,8.069,3530,,
04:22.8,8.069,3358,,
04:22.85,8.31,3329,,
04:22.9,8.31,2655,,
04:22.95,8.31,3070,,
04:23.0,8.31,2071,,
04:23.05,8.31,2297,,
04:23.1,8.366,3050,,
04:23.15,8.366,2287,,
04:23.2,8.366,2618,,
04:23.25,8.366,2682,,
04:23.3,8.366,2672,,
04:23.35,8.279,2933,,
04:23.4,8.279,2677,,
04:23.45,8.279,2052,,
04:23.5,8.279,2163,,
04:23.55,8.279,2258,,
04:23.6,8.164,2027,,
04:23.65,8.164,2366,,
04:23.7,8.164,2169,,
04:23.75,8.164,2198,,
04:23.8,8.164,2643,,
04:23.85,7.999,2445,,
04:23.9,7.999,2055,,
04:23.95,7.999,2068,,
04:24.0,7.999,2047,,
04:24.05,7.999,1983,,
04:24.1,7.891,2088,,
04:24.15,7.891,1675,,
04:24.2,7.891,1781,,
04:24.25,7.891,2330,,
04:24.3,7.891,2315,,
04:24.35,7.78,1817,,
04:24.4,7.78,1818,,
04:24.45,7.78,1317,,
04:24.5,7.78,1105,,
04:24.55,7.78,1574,,
04:24.6,7.693,70,,
04:24.65,7.693,706,,
04:24.7,7.693,693,,
04:24.75,7.693,35,,
04:24.8,7.635,26,,
04:24.85,7.635,26,,
04:24.9,7.635,26,,
04:24.95,7.635,26,,
04:25.0,7.635,99,,
04:25.05,7.444,3950,,
04:25.1,7.444,4012,,
04:25.15,7.444,4010,,
04:25.2,7.444,4008,,
04:25.25,7.444,4009,,
04:25.3,7.345,4004,,
04:25.35,7.345,4003,,
04:25.4,7.345,4003,,
04:25.45,7.345,4003,,
04:25.5,7.345,3993,,
04:25.55,7.389,3998,,
04:25.6,7.389,3990,,
04:25.65,7.389,3790,,
04:25.7,7.389,2166,,
04:25.75,7.389,1282,,
04:25.8,7.444,1029,,
04:25.85,7.444,1043,,
04:25.9,7.444,1067,,
04:25.95,7.444,965,,
04:26.0,7.444,993,,
04:26.05,7.715,552,,
04:26.1,7.715,202,,
04:26.15,7.715,285,,
04:26.2,7.715,58,,
04:26.25,7.715,39,,
04:26.3,7.677,64,,
04:26.35,7.677,322,,
04:26.4,7.677,1130,,
04:26.45,7.677,1275,,
04:26.5,7.677,1564,,
04:26.55,7.484,1694,,
04:26.6,7.484,1894,,
04:26.65,7.484,2425,,
04:26.7,7.484,2052,,
04:26.75,7.484,2046,,
04:26.8,7.291,2121,,
04:26.85,7.291,2322,,
04:26.9,7.291,2516,,
04:26.95,7.291,2148,,
04:27.0,7.291,2091,,
04:27.05,7.062,2227,,
04:27.1,7.062,2226,,
04:27.15,7.062,2079,,
04:27.2,7.062,2333,,
04:27.25,7.053,2207,,
04:27.3,7.053,2023,,
04:27.35,7.053,1911,,
04:27.4,7.053,2172,,
04:27.45,7.053,2051,,
04:27.5,7.107,2111,,
04:27.55,7.107,2236,,
04:27.6,7.107,1923,,
04:27.65,7.107,1918,,
04:27.7,7.107,1790,,
04:27.75,7.182,1921,,
04:27.8,7.182,2022,,
04:27.85,7.182,1907,,
04:27.9,7.182,2168,,
04:27.95,7.182,2020,,
04:28.0,7.253,1769,,
04:28.05,7.253,1780,,
04:28.1,7.253,1895,,
04:28.15,7.253,2030,,
04:28.2,7.253,2044,,
04:28.25,7.277,2249,,
04:28.3,7.277,1964,,
04:28.35,7.277,1970,,
04:28.4,7.277,1918,,
04:28.45,7.277,2158,,
04:28.5,7.267,2193,,
04:28.55,7.267,2203,,
04:28.6,7.267,2030,,
04:28.65,7.267,2259,,
04:28.7,7.267,2215,,
04:28.75,7.239,2531,,
04:28.8,7.239,2226,,
04:28.85,7.239,2169,,
04:28.9,7.239,2048,,
04:28.95,7.239,2187,,
04:29.0,7.248,2241,,
04:29.05,7.248,2222,,
04:29.1,7.248,2063,,
04:29.15,7.248,2195,,
04:29.2,7.248,2383,,
04:29.25,7.301,2287,,
04:29.3,7.301,2056,,
04:29.35,7.301,1998,,
04:29.4,7.301,1873,,
04:29.45,7.301,1968,,
04:29.5,7.316,1651,,
04:29.55,7.316,2041,,
04:29.6,7.316,2157,,
04:29.65,7.316,2101,,
04:29.7,7.316,1861,,
04:29.75,7.335,1960,,
04:29.8,7.335,1833,,
04:29.85,7.335,2026,,
04:29.9,7.335,2295,,
04:29.95,7.335,2256,,
04:30.0,7.306,2432,,
04:30.05,7.306,2302,,
04:30.1,7.306,2225,,
04:30.15,7.306,2052,,
04:30.2,7.253,1888,,
04:30.25,7.253,2262,,
04:30.3,7.253,2075,,
04:30.35,7.253,2210,,
04:30.4,7.253,2298,,
04:30.45,7.253,2105,,
04:30.5,7.253,2086,,
04:30.55,7.253,2051,,
04:30.6,7.253,2225,,
04:30.65,7.253,2201,,
04:30.7,7.399,2099,,
04:30.75,7.399,2394,,
04:30.8,7.399,2159,,
04:30.85,7.399,2241,,
04:30.9,7.399,2409,,
04:30.95,7.704,2149,,
04:31.0,7.704,2238,,
04:31.05,7.704,2276,,
04:31.1,7.704,2334,,
04:31.15,7.704,2462,,
04:31.2,7.731,2099,,
04:31.25,7.731,2074,,
04:31.3,7.731,2104,,
04:31.35,7.731,2121,,
04:31.4,7.731,2146,,
04:31.45,7.715,1999,,
04:31.5,7.715,2134,,
04:31.55,7.715,2059,,
04:31.6,7.715,2072,,
04:31.65,7.715,1783,,
04:31.7,7.582,2109,,
04:31.75,7.582,2074,,
04:31.8,7.582,2204,,
04:31.85,7.582,2282,,
04:31.9,7.582,2186,,
04:31.95,7.355,2019,,
04:32.0,7.355,2043,,
04:32.05,7.355,2081,,
04:32.1,7.355,2112,,
04:32.15,7.355,2101,,
04:32.2,7.399,2063,,
04:32.25,7.399,2169,,
04:32.3,7.399,2080,,
04:32.35,7.399,2100,,
04:32.4,7.399,1868,,
04:32.45,7.459,2026,,
04:32.5,7.459,2109,,
04:32.55,7.459,2068,,
04:32.6,7.459,2314,,
04:32.65,7.429,2250,,
04:32.7,7.429,1974,,
04:32.75,7.429,1941,,
04:32.8,7.429,2045,,
04:32.85,7.429,1996,,
04:32.9,7.384,2017,,
04:32.95,7.384,2087,,
04:33.0,7.384,1990,,
04:33.05,7.384,2047,,
04:33.1,7.384,2722,,
04:33.15,7.345,1905,,
04:33.2,7.345,2000,,
04:33.25,7.345,2077,,
04:33.3,7.345,2226,,
04:33.35,7.345,2290,,
04:33.4,7.33,1893,,
04:33.45,7.33,1961,,
04:33.5,7.33,1859,,
04:33.55,7.33,1984,,
04:33.6,7.33,1926,,
04:33.65,7.379,1951,,
04:33.7,7.379,1981,,
04:33.75,7.379,2005,,
04:33.8,7.379,1967,,
04:33.85,7.379,2707,,
04:33.9,7.429,2003,,
04:33.95,7.429,1996,,
04:34.0,7.429,2018,,
04:34.05,7.429,2107,,
04:34.1,7.429,2258,,
04:34.15,7.479,2042,,
04:34.2,7.479,1901,,
04:34.25,7.479,1981,,
04:34.3,7.479,2001,,
04:34.35,7.479,2035,,
04:34.4,7.551,1966,,
04:34.45,7.551,1966,,
04:34.5,7.551,2033,,
04:34.55,7.551,1961,,
04:34.6,7.551,2091,,
04:34.65,7.566,2042,,
04:34.7,7.566,2037,,
04:34.75,7.566,2000,,
04:34.8,7.566,2107,,
04:34.85,7.566,2163,,
04:34.9,7.769,2399,,
04:34.95,7.769,2072,,
04:35.0,7.769,1961,,
04:35.05,7.769,2018,,
04:35.1,7.769,2074,,
04:35.15,7.829,2202,,
04:35.2,7.829,2051,,
04:35.25,7.829,2332,,
04:35.3,7.829,2264,,
04:35.35,7.829,2110,,
04:35.4,7.715,2077,,
04:35.45,7.715,2150,,
04:35.5,7.715,2193,,
04:35.55,7.715,2197,,
04:35.6,7.645,2266,,
04:35.65,7.645,2081,,
04:35.7,7.645,2151,,
04:35.75,7.645,1992,,
04:35.8,7.645,2014,,
04:35.85,7.369,2022,,
04:35.9,7.369,2240,,
04:35.95,7.369,2224,,
04:36.0,7.369,2414,,
04:36.05,7.369,2055,,
04:36.1,7.239,2104,,
04:36.15,7.239,2123,,
04:36.2,7.239,1802,,
04:36.25,7.239,2019,,
04:36.3,7.239,1902,,
04:36.35,7.224,1986,,
04:36.4,7.224,2281,,
04:36.45,7.224,1953,,
04:36.5,7.224,1790,,
04:36.55,7.224,1710,,
04:36.6,7.191,1915,,
04:36.65,7.191,1984,,
04:36.7,7.191,2054,,
04:36.75,7.191,2421,,
04:36.8,7.191,1930,,
04:36.85,7.186,2058,,
04:36.9,7.186,1856,,
04:36.95,7.186,1725,,
04:37.0,7.186,1894,,
04:37.05,7.186,1774,,
04:37.1,7.168,1723,,
04:37.15,7.168,1969,,
04:37.2,7.168,1764,,
04:37.25,7.168,1760,,
04:37.3,7.168,1890,,
04:37.35,7.126,1971,,
04:37.4,7.126,1595,,
04:37.45,7.126,1602,,
04:37.5,7.126,1776,,
04:37.55,7.126,1210,,
04:37.6,7.057,2153,,
04:37.65,7.057,1666,,
04:37.7,7.057,2333,,
04:37.75,7.057,1899,,
04:37.8,7.057,1629,,
04:37.85,7.026,2280,,
04:37.9,7.026,2336,,
04:37.95,7.026,2740,,
04:38.0,7.026,2431,,
04:38.05,7.026,2613,,
04:38.1,7.008,2595,,
04:38.15,7.008,2823,,
04:38.2,7.008,2512,,
04:38.25,7.008,2434,,
04:38.3,7.008,2292,,
04:38.35,7.008,1935,,
04:38.4,7.008,1569,,
04:38.45,7.008,2440,,
04:38.5,7.008,1625,,
04:38.55,7.035,2057,,
04:38.6,7.035,1836,,
04:38.65,7.035,1955,,
04:38.7,7.035,2204,,
04:38.75,7.035,1661,,
04:38.8,7.149,1626,,
04:38.85,7.149,1902,,
04:38.9,7.149,1531,,
04:38.95,7.149,1972,,
04:39.0,7.149,2193,,
04:39.05,7.35,2140,,
04:39.1,7.35,2183,,
04:39.15,7.35,2405,,
04:39.2,7.35,2052,,
04:39.25,7.35,2424,,
04:39.3,7.434,1825,,
04:39.35,7.434,2471,,
04:39.4,7.434,2292,,
04:39.45,7.434,1902,,
04:39.5,7.434,2053,,
04:39.55,7.459,1911,,
04:39.6,7.459,1653,,
04:39.65,7.459,1790,,
04:39.7,7.459,1744,,
04:39.75,7.459,1473,,
04:39.8,7.33,1395,,
04:39.85,7.33,2130,,
04:39.9,7.33,1851,,
04:39.95,7.33,2522,,
04:40.0,7.33,2189,,
04:40.05,7.066,2189,,
04:40.1,7.066,2408,,
04:40.15,7.066,2859,,
04:40.2,7.066,2595,,
04:40.25,7.066,2483,,
04:40.3,7.043,2223,,
04:40.35,7.043,2198,,
04:40.4,7.043,2620,,
04:40.45,7.043,2763,,
04:40.5,7.043,2369,,
04:40.55,7.057,2081,,
04:40.6,7.057,2449,,
04:40.65,7.057,2432,,
04:40.7,7.057,2419,,
04:40.75,7.057,2434,,
04:40.8,7.089,2243,,
04:40.85,7.089,2314,,
04:40.9,7.089,2318,,
04:40.95,7.089,2503,,
04:41.0,7.163,2007,,
04:41.05,7.163,1998,,
04:41.1,7.163,2021,,
04:41.15,7.163,2246,,
04:41.2,7.163,2238,,
04:41.25,7.126,1980,,
04:41.3,7.126,1884,,
04:41.35,7.126,1913,,
04:41.4,7.126,2209,,
04:41.45,7.126,2055,,
04:41.5,7.098,2068,,
04:41.55,7.098,2136,,
04:41.6,7.098,1911,,
04:41.65,7.098,1956,,
04:41.7,7.098,1653,,
04:41.75,7.098,1908,,
04:41.8,7.098,1897,,
04:41.85,7.098,1539,,
04:41.9,7.098,2364,,
04:41.95,7.098,2080,,
04:42.0,7.094,1993,,
04:42.05,7.094,1862,,
04:42.1,7.094,2637,,
04:42.15,7.094,1778,,
04:42.2,7.094,1982,,
04:42.25,7.084,2126,,
04:42.3,7.084,2152,,
04:42.35,7.084,2060,,
04:42.4,7.084,1407,,
04:42.45,7.084,1173,,
04:42.5,7.094,1335,,
04:42.55,7.094,1526,,
04:42.6,7.094,1856,,
04:42.65,7.094,1563,,
04:42.7,7.094,1720,,
04:42.75,7.117,1641,,
04:42.8,7.117,1984,,
04:42.85,7.117,2621,,
04:42.9,7.117,2039,,
04:42.95,7.117,1923,,
04:43.0,7.172,2177,,
04:43.05,7.172,1641,,
04:43.1,7.172,1776,,
04:43.15,7.172,1608,,
04:43.2,7.172,1315,,
04:43.25,7.196,1407,,
04:43.3,7.196,1548,,
04:43.35,7.196,1401,,
04:43.4,7.196,1473,,
04:43.45,7.196,1335,,
04:43.5,7.177,1035,,
04:43.55,7.177,1211,,
04:43.6,7.177,1234,,
04:43.65,7.177,1907,,
04:43.7,7.135,2042,,
04:43.75,7.135,2141,,
04:43.8,7.135,2285,,
04:43.85,7.135,2558,,
04:43.9,7.135,2173,,
04:43.95,7.107,2215,,
04:44.0,7.107,1785,,
04:44.05,7.107,2450,,
04:44.1,7.107,2334,,
04:44.15,7.107,2607,,
04:44.2,7.094,2293,,
04:44.25,7.094,2657,,
04:44.3,7.094,2328,,
04:44.35,7.094,2915,,
04:44.4,7.094,2645,,
04:44.45,7.094,2750,,
04:44.5,7.094,2832,,
04:44.55,7.094,2773,,
04:44.6,7.094,2883,,
04:44.65,7.094,2529,,
04:44.7,6.897,2368,,
04:44.75,6.897,2205,,
04:44.8,6.897,2058,,
04:44.85,6.897,1266,,
04:44.9,6.897,575,,
04:44.95,6.707,50,,
04:45.0,6.707,118,,
04:45.05,6.707,40,,
04:45.1,6.707,53,,
04:45.15,6.707,511,,
04:45.2,6.53,1055,,
04:45.25,6.53,2194,,
04:45.3,6.53,2861,,
04:45.35,6.53,3945,,
04:45.4,6.53,3997,,
04:45.45,6.411,3994,,
04:45.5,6.411,3997,,
04:45.55,6.411,3993,,
04:45.6,6.411,3994,,
04:45.65,6.411,3995,,
04:45.7,6.519,3991,,
04:45.75,6.519,3989,,
04:45.8,6.519,4006,,
04:45.85,6.519,3994,,
04:45.9,6.519,3997,,
04:45.95,6.658,3990,,
04:46.0,6.658,3817,,
04:46.05,6.658,3230,,
04:46.1,6.658,2101,,
04:46.15,6.658,309,,
04:46.2,6.906,32,,
04:46.25,6.906,25,,
04:46.3,6.906,25,,
04:46.35,6.906,23,,
04:46.4,7.35,22,,
04:46.45,7.35,20,,
04:46.5,7.35,25,,
04:46.55,7.35,30,,
04:46.6,7.35,38,,
04:46.65,7.389,50,,
04:46.7,7.389,445,,
04:46.75,7.389,585,,
04:46.8,7.389,925,,
04:46.85,7.389,1123,,
04:46.9,7.369,1370,,
04:46.95,7.369,1407,,
04:47.0,7.369,1607,,
04:47.05,7.369,1621,,
04:47.1,7.369,1494,,
04:47.15,7.277,1622,,
04:47.2,7.277,1380,,
04:47.25,7.277,1820,,
04:47.3,7.277,1737,,
04:47.35,7.277,1916,,
04:47.4,6.994,2001,,
04:47.45,6.994,1871,,
04:47.5,6.994,1657,,
04:47.55,6.994,1691,,
04:47.6,6.994,1744,,
04:47.65,7.057,1807,,
04:47.7,7.057,1924,,
04:47.75,7.057,1866,,
04:47.8,7.057,1722,,
04:47.85,7.057,1979,,
04:47.9,7.094,1707,,
04:47.95,7.094,1967,,
04:48.0,7.094,1898,,
04:48.05,7.094,1915,,
04:48.1,7.094,2107,,
04:48.15,7.107,2185,,
04:48.2,7.107,1936,,
04:48.25,7.107,1986,,
04:48.3,7.107,1839,,
04:48.35,7.107,1990,,
04:48.4,7.144,2090,,
04:48.45,7.144,2041,,
04:48.5,7.144,2208,,
04:48.55,7.144,2148,,
04:48.6,7.144,2113,,
04:48.65,7.144,2067,,
04:48.7,7.144,2080,,
04:48.75,7.144,2229,,
04:48.8,7.144,2211,,
04:48.85,7.144,2524,,
04:48.9,7.177,2379,,
04:48.95,7.177,2064,,
04:49.0,7.177,2232,,
04:49.05,7.177,2220,,
04:49.1,7.177,2203,,
04:49.15,7.205,2259,,
04:49.2,7.205,2306,,
04:49.25,7.205,2230,,
04:49.3,7.205,2276,,
04:49.35,7.243,2564,,
04:49.4,7.243,2237,,
04:49.45,7.243,1983,,
04:49.5,7.243,2110,,
04:49.55,7.243,2305,,
04:49.6,7.335,2442,,
04:49.65,7.335,2241,,
04:49.7,7.335,1699,,
04:49.75,7.335,2212,,
04:49.8,7.335,2208,,
04:49.85,7.301,2142,,
04:49.9,7.301,2215,,
04:49.95,7.301,2432,,
04:50.0,7.301,2193,,
04:50.05,7.301,2211,,
04:50.1,7.345,1679,,
04:50.15,7.345,1897,,
04:50.2,7.345,2341,,
04:50.25,7.345,2021,,
04:50.3,7.345,2625,,
04:50.35,7.286,3511,,
04:50.4,7.286,3982,,
04:50.45,7.286,4007,,
04:50.5,7.286,4008,,
04:50.55,7.286,4009,,
04:50.6,7.158,4005,,
04:50.65,7.158,2187,,
04:50.7,7.158,27,,
04:50.75,7.158,19,,
04:50.8,7.158,23,,
04:50.85,7.172,26,,
04:50.9,7.172,24,,
04:50.95,7.172,28,,
04:51.0,7.172,44,,
04:51.05,7.172,166,,
04:51.1,7.191,402,,
04:51.15,7.191,713,,
04:51.2,7.191,949,,
04:51.25,7.191,1344,,
04:51.3,7.191,1645,,
04:51.35,7.301,1810,,
04:51.4,7.301,1866,,
04:51.45,7.301,1851,,
04:51.5,7.301,2085,,
04:51.55,7.301,2156,,
04:51.6,7.469,2813,,
04:51.65,7.469,2085,,
04:51.7,7.469,2201,,
04:51.75,7.469,2091,,
04:51.8,7.608,2131,,
04:51.85,7.608,2400,,
04:51.9,7.608,2081,,
04:51.95,7.608,1966,,
04:52.0,7.608,2006,,
04:52.05,7.656,2127,,
04:52.1,7.656,2002,,
04:52.15,7.656,2270,,
04:52.2,7.656,2155,,
04:52.25,7.656,2086,,
04:52.3,7.742,2680,,
04:52.35,7.742,2010,,
04:52.4,7.742,2091,,
04:52.45,7.742,1997,,
04:52.5,7.742,2297,,
04:52.55,8.092,2408,,
04:52.6,8.092,1976,,
04:52.65,8.092,2011,,
04:52.7,8.092,2043,,
04:52.75,8.092,2072,,
04:52.8,8.224,2254,,
04:52.85,8.224,2243,,
04:52.9,8.224,2381,,
04:52.95,8.224,2047,,
04:53.0,8.224,2864,,
04:53.05,8.188,2174,,
04:53.1,8.188,2219,,
04:53.15,8.188,2282,,
04:53.2,8.188,2556,,
04:53.25,8.188,2443,,
04:53.3,8.074,2070,,
04:53.35,8.074,2178,,
04:53.4,8.074,2212,,
04:53.45,8.074,2185,,
04:53.5,8.074,2179,,
04:53.55,7.645,2247,,
04:53.6,7.645,2337,,
04:53.65,7.645,2117,,
04:53.7,7.645,2306,,
04:53.75,7.645,2835,,
04:53.8,7.484,2210,,
04:53.85,7.484,2173,,
04:53.9,7.484,2225,,
04:53.95,7.484,2385,,
04:54.0,7.484,2439,,
04:54.05,7.434,2215,,
04:54.1,7.434,2241,,
04:54.15,7.434,2184,,
04:54.2,7.434,2254,,
04:54.25,7.434,2300,,
04:54.3,7.404,2160,,
04:54.35,7.404,2344,,
04:54.4,7.404,2326,,
04:54.45,7.404,2206,,
04:54.5,7.404,2186,,
04:54.55,7.444,1930,,
04:54.6,7.444,2263,,
04:54.65,7.444,2090,,
04:54.7,7.444,2202,,
04:54.75,7.484,2224,,
04:54.8,7.484,2202,,
04:54.85,7.484,2970,,
04:54.9,7.484,3774,,
04:54.95,7.484,3939,,
04:55.0,7.489,3962,,
04:55.05,7.489,3960,,
04:55.1,7.489,3569,,
04:55.15,7.489,2090,,
04:55.2,7.489,1682,,
04:55.25,7.404,1185,,
04:55.3,7.404,1008,,
04:55.35,7.404,436,,
04:55.4,7.404,684,,
04:55.45,7.404,1455,,
04:55.5,7.286,1396,,
04:55.55,7.286,1157,,
04:55.6,7.286,811,,
04:55.65,7.286,633,,
04:55.7,7.286,50,,
04:55.75,7.126,31,,
04:55.8,7.126,17,,
04:55.85,7.126,10,,
04:55.9,7.126,9,,
04:55.95,7.126,13,,
04:56.0,7.003,16,,
04:56.05,7.003,21,,
04:56.1,7.003,7,,
04:56.15,7.003,19,,
04:56.2,7.003,23,,
04:56.25,6.824,25,,
04:56.3,6.824,32,,
04:56.35,6.824,41,,
04:56.4,6.824,71,,
04:56.45,6.824,873,,
04:56.5,6.769,1842,,
04:56.55,6.769,2258,,
04:56.6,6.769,2573,,
04:56.65,6.769,2718,,
04:56.7,6.769,2757,,
04:56.75,6.765,2596,,
04:56.8,6.765,1641,,
04:56.85,6.765,707,,
04:56.9,6.765,1253,,
04:56.95,6.765,1715,,
04:57.0,6.841,1403,,
04:57.05,6.841,1729,,
04:57.1,6.841,2969,,
04:57.15,6.841,3134,,
04:57.2,7.066,3047,,
04:57.25,7.066,1683,,
04:57.3,7.066,1697,,
04:57.35,7.066,1485,,
04:57.4,7.066,1062,,
04:57.45,7.177,36,,
04:57.5,7.177,35,,
04:57.55,7.177,35,,
04:57.6,7.177,32,,
04:57.65,7.177,43,,
04:57.7,7.267,39,,
04:57.75,7.267,69,,
04:57.8,7.267,348,,
04:57.85,7.267,908,,
04:57.9,7.267,1102,,
04:57.95,7.316,1219,,
04:58.0,7.316,1383,,
04:58.05,7.316,2370,,
04:58.1,7.316,3988,,
04:58.15,7.316,4002,,
04:58.2,7.369,4007,,
04:58.25,7.369,4006,,
04:58.3,7.369,4005,,
04:58.35,7.369,4007,,
04:58.4,7.369,4005,,
04:58.45,7.434,4003,,
04:58.5,7.434,3997,,
04:58.55,7.434,3997,,
04:58.6,7.434,3997,,
04:58.65,7.434,3990,,
04:58.7,7.489,3994,,
04:58.75,7.489,3986,,
04:58.8,7.489,3978,,
04:58.85,7.489,3977,,
04:58.9,7.489,3931,,
04:58.95,7.535,3703,,
04:59.0,7.535,3112,,
04:59.05,7.535,2966,,
04:59.1,7.535,3035,,
04:59.15,7.535,2612,,
04:59.2,7.582,2016,,
04:59.25,7.582,2037,,
04:59.3,7.582,1810,,
04:59.35,7.582,2400,,
04:59.4,7.582,2495,,
04:59.45,7.752,2511,,
04:59.5,7.752,2617,,
04:59.55,7.752,2740,,
04:59.6,7.752,2714,,
04:59.65,7.752,2762,,
04:59.7,7.902,2820,,
04:59.75,7.902,2551,,
04:59.8,7.902,2831,,
04:59.85,7.902,2286,,
04:59.9,7.902,2218,,
04:59.95,7.987,2026,,
05:00.0,7.987,2106,,
